0.485973693633184323, 0.614615983301685986, -1.804006360926465158, 0.000000000000000000, 0.037452799781917887, 0.760390624999999987, 0.968291015624999973, 0.111646515589910844
0.313177053990030207, 0.726347966891399688, -1.329115383583174825, 0.000000000000000000, 0.047591895610407928, 0.710390625000000053, 0.974541015625000062, 0.085674667610526098
0.243074463056432877, 0.704810500059714906, -0.873836089163284369, 0.000000000000000000, 0.046431653631419510, 0.670390625000000018, 0.999541015624999973, 0.105887970505470816
0.388592205553501713, 0.698302597914578382, -1.617809775602835565, 0.000000000000000000, 0.040788577223005218, 0.750390624999999978, 0.949541015625000040, 0.069319948575224499
0.442738906864429405, 0.733577231230680860, -1.141744922491913838, 0.000000000000000000, 0.038132346212265987, 0.730390624999999960, 0.987041015625000018, 0.077064671237611335
0.235832070164700702, 0.862480045960615671, -1.128189998408913208, 0.000000000000000000, 0.041330061198216278, 0.706640625000000022, 0.964384765624999973, 0.068862599552375295
0.430547469486820378, 0.659499227690753309, -0.851470306027852786, 0.000000000000000000, 0.034220687064139353, 0.766640624999999964, 0.926884765624999996, 0.116941565657130944
0.403220774309398067, 0.670674911564205001, -1.229633513429567282, 0.000000000000000000, 0.041091853370856739, 0.756640624999999956, 0.933134765625000084, 0.080719611030948560
0.163024479271279582, 0.976092007039852994, -0.613746898648084072, 0.000000000000000000, 0.032105464874097565, 0.796640624999999991, 0.958134765624999996, 0.099763862883175500
0.360217666421707383, 0.785430853759888414, -1.007250734038012130, 0.000000000000000000, 0.043066024176281657, 0.696640625000000013, 0.920634765625000018, 0.089737952990219319
0.289759323223918119, 0.816655903028602359, -1.399125779792048219, 0.000000000000000000, 0.055778248762014898, 0.656640624999999978, 0.945634765625000040, 0.110909910530918962
0.493384516795193240, 0.730694151114880897, -1.359780099889020821, 0.000000000000000000, 0.046986722182465371, 0.701640625000000018, 0.992509765625000040, 0.092145776296403831
0.225791411647715962, 0.963841819389012699, -0.935327446433464660, 0.000000000000000000, 0.050441162891157111, 0.661640624999999982, 1.017509765625000062, 0.074555766044268529
0.332678231064224228, 0.719852463321040914, -0.399990846354599583, 0.000000000000000000, 0.041393978158243964, 0.721640625000000036, 0.980009765624999973, 0.102440698560397683
0.263722411884159125, 0.731215953063510504, -1.180800527146285805, 0.000000000000000000, 0.038970318287824268, 0.761640624999999960, 1.005009765625000107, 0.082885456743159641
0.350755166382391792, 0.760297937363813681, -1.275404092502766762, 0.000000000000000000, 0.035653782585620908, 0.791640624999999987, 0.986259765625000062, 0.070710301295078659
0.281193627154181447, 0.924172501453486728, -0.749102399975299260, 0.000000000000000000, 0.037690997915693483, 0.751640624999999951, 1.011259765624999973, 0.133495085161668192
0.447146685439755054, 0.631671444300055285, -1.576850999268031073, 0.000000000000000000, 0.051859863469662836, 0.671640624999999991, 0.961259765625000040, 0.087393047522560108
0.391407869457589097, 0.563514679733762458, -1.070814571153526407, 0.000000000000000000, 0.051382992603045456, 0.651640624999999973, 0.973759765624999996, 0.063604169988611389
0.375175955917263826, 0.751065872259104039, -1.455358603104107917, 0.000000000000000000, 0.038616242664926505, 0.739140624999999996, 0.965947265624999996, 0.090933895449023569
0.109480099484894289, 1.587075729616930220, -1.100173999380190448, 0.000000000000000000, 0.036482660407606705, 0.779140625000000031, 0.940947265625000084, 0.112388012790735028
0.337112745641671374, 0.653266477454964800, -0.803215835751184937, 0.000000000000000000, 0.043839480999067357, 0.719140624999999978, 0.953447265625000040, 0.081795365568168729
0.268148114199529775, 0.805348710891785169, -1.297313815648145408, 0.000000000000000000, 0.046879159526377279, 0.679140625000000053, 0.928447265625000018, 0.101093421174853024
0.319613659673882167, 0.874447050871107190, -1.205639465997118576, 0.000000000000000000, 0.051935268748616460, 0.649140625000000027, 0.959697265625000018, 0.118500052104706266
0.250115088379794348, 0.904094879804059448, -0.522773678550189302, 0.000000000000000000, 0.048292173499818618, 0.689140624999999951, 0.934697265624999996, 0.062767662027847435
0.397196545135763357, 0.621235159806270754, -1.526178785313095254, 0.000000000000000000, 0.035218842799811509, 0.769140625000000022, 0.984697265625000040, 0.095879187479338782
0.456614431870900450, 0.605987691964003705, -0.972512893357188934, 0.000000000000000000, 0.035985423570811151, 0.789140625000000040, 0.947197265625000062, 0.131739387359455007
0.365089330924606825, 0.696142102598093282, -1.418213190060630957, 0.000000000000000000, 0.034108347410624289, 0.774140625000000027, 1.019072265624999973, 0.064451826135333137
0.294019971075139608, 0.711620846895938963, -1.039919138242535013, 0.000000000000000000, 0.043770985623022500, 0.734140624999999991, 0.994072265625000062, 0.121679611897795081
0.479211128355596150, 0.647809434809620388, -1.689268588804360816, 0.000000000000000000, 0.050224164792142610, 0.654140625000000031, 0.944072265625000018, 0.079658004579213570
0.409517117641820250, 0.725582490391841972, -0.687080199386728152, 0.000000000000000000, 0.053064343944392633, 0.674140625000000049, 1.006572265625000018, 0.071652661230599393
0.438515733983558309, 0.598858632803415447, -1.339456219769239453, 0.000000000000000000, 0.044233498501122431, 0.684140624999999947, 1.012822265625000107, 0.103805931183113057
0.197928294191694831, 0.961135442592208400, -0.895200760147943697, 0.000000000000000000, 0.057489593450429005, 0.644140625000000022, 0.987822265624999973, 0.083990075621053317
0.311040825100543761, 0.791335126608712636, -1.155021329158415266, 0.000000000000000000, 0.042128428434634650, 0.744140625000000000, 1.000322265624999929, 0.093373807944109932
0.359015408820500925, 0.741694742988005085, -1.486860583886708609, 0.000000000000000000, 0.042732947301547572, 0.707265625000000009, 0.932744140624999996, 0.122083009082667421
0.288692351426316274, 0.891333783417886050, -1.148416920967497479, 0.000000000000000000, 0.050368121117913021, 0.667265624999999973, 0.957744140625000018, 0.064665499443600366
0.464412429071040189, 0.611285525791028905, -1.747151629449201327, 0.000000000000000000, 0.036400177179334504, 0.747265625000000044, 1.007744140625000062, 0.098778182017474514
0.401690758571036255, 0.632094699989595776, -0.884636651921981043, 0.000000000000000000, 0.043392722204791526, 0.727265625000000027, 0.920244140625000040, 0.135722647694183102
0.428643486150559583, 0.715341630404279560, -1.247124358136509015, 0.000000000000000000, 0.034042587514502433, 0.797265624999999978, 0.938994140625000084, 0.084268522926516501
0.190079354380080029, 1.003359011863932615, -0.669985536122835290, 0.000000000000000000, 0.039564958898239931, 0.757265625000000053, 0.963994140624999996, 0.104150072816696665
0.305714044214431768, 0.766313251510454374, -1.031928676761630026, 0.000000000000000000, 0.051304795382342359, 0.657265624999999964, 0.926494140625000018, 0.075799839043825312
0.389993844074727036, 0.648414114643470096, -1.374728689207646681, 0.000000000000000000, 0.046044276187782972, 0.662265624999999969, 0.985869140624999973, 0.112760606089366416
0.142760837306990518, 0.891163494993400751, -0.963462980279358949, 0.000000000000000000, 0.047335589123953810, 0.702265625000000004, 1.010869140625000107, 0.091235363187632298
0.349595411003083723, 0.820901522049656274, -0.495942679115732199, 0.000000000000000000, 0.041080578441492620, 0.762265624999999947, 0.973369140625000018, 0.101428570185233741
0.280117049142178554, 0.846448042902164688, -1.199512415666472709, 0.000000000000000000, 0.039718439300795799, 0.722265625000000022, 0.998369140625000040, 0.082066536881843843
0.444918355574496549, 0.577347099674144881, -1.777575701635215166, 0.000000000000000000, 0.055320097594074386, 0.642265624999999951, 0.948369140624999996, 0.125358705761311529
0.331576774617756143, 0.642680437630071544, -1.291892316624368542, 0.000000000000000000, 0.037077561108354772, 0.752265625000000049, 0.992119140625000062, 0.062975751926953316
0.262608470569240748, 0.805653007632016194, -0.790301387438236747, 0.000000000000000000, 0.038446563352207690, 0.792265624999999973, 1.017119140624999973, 0.118892908283984869
0.414444552310890613, 0.735244776715915482, -1.589248771209830879, 0.000000000000000000, 0.043428651423370941, 0.712265625000000013, 0.967119140625000040, 0.077833678829257569
0.489588735245169215, 0.651002710930516981, -1.092966964562641863, 0.000000000000000000, 0.049260773938020634, 0.692265624999999996, 0.979619140624999996, 0.070011673665992896
0.454156950738722642, 0.519588884901714620, -1.432296502469259103, 0.000000000000000000, 0.039581145464831227, 0.779765625000000018, 0.959306640625000040, 0.074802936343952950
0.208236639842402926, 0.891876495047736362, -1.063243114224701635, 0.000000000000000000, 0.038221247469704574, 0.739765624999999982, 0.934306640625000018, 0.092451261711553517
0.318537468069197416, 0.797002719727948450, -0.734440898285854793, 0.000000000000000000, 0.044130110872515622, 0.679765625000000040, 0.946806640625000084, 0.083160241971313872
0.248954156755383404, 0.980203957961934269, -1.269830560609730874, 0.000000000000000000, 0.045441808126542506, 0.719765624999999964, 0.921806640625000062, 0.102780314119414504
0.335999594292867521, 0.715485999831211195, -1.174447937029795774, 0.000000000000000000, 0.048928842582506155, 0.689765625000000049, 0.965556640625000018, 0.133937653482758351
0.267045977738769313, 0.724684489875944027, -0.360641969115135907, 0.000000000000000000, 0.047677451652780631, 0.649765625000000013, 0.940556640624999996, 0.070944722954048717
0.421331619773253230, 0.681937909764990691, -1.504489027388640210, 0.000000000000000000, 0.041740439073700009, 0.729765624999999973, 0.990556640625000040, 0.108369854364866430
0.373887204299802545, 0.835765941177385230, -0.925593986791027112, 0.000000000000000000, 0.036741536261011370, 0.749765624999999991, 0.953056640625000062, 0.120477400378238883
0.309974063571787195, 0.865749873703854478, -1.394295729009914497, 0.000000000000000000, 0.042389840371876805, 0.734765624999999978, 1.012431640625000018, 0.069090895635582336
0.239480827089686849, 0.911765292180266029, -0.998773450150529984, 0.000000000000000000, 0.036376544661214448, 0.774765625000000013, 0.987431640624999996, 0.130437783856677231
0.436467102700711429, 0.654365175416741995, -0.593011679072678932, 0.000000000000000000, 0.041712410587373031, 0.714765624999999960, 0.999931640625000062, 0.062147508781395043
0.196394095216806397, 0.908941252180445192, -1.223709521629704700, 0.000000000000000000, 0.049110530369882770, 0.674765625000000036, 0.974931640625000040, 0.117329255078923930
0.407915232609118661, 0.687615626657476109, -1.313365958543252887, 0.000000000000000000, 0.054418362553364123, 0.644765625000000009, 1.018681640625000107, 0.100094604087978697
0.168971373879438114, 1.145264886979179275, -0.839874252079709560, 0.000000000000000000, 0.046007180584241691, 0.684765625000000044, 0.993681640624999973, 0.080987215959547693
0.363861637596464949, 0.652304466364891256, -1.121302764736777924, 0.000000000000000000, 0.035881618827768816, 0.784765625000000022, 1.006181640624999929, 0.111277603564984548
0.398679211903898989, 0.777765405220200323, -1.477947830194359824, 0.000000000000000000, 0.045760473214150228, 0.698515624999999973, 0.947587890625000040, 0.065094973543835200
0.156720656967913818, 1.138596771514172046, -1.135003317102535991, 0.000000000000000000, 0.049067193844232804, 0.658515625000000049, 0.922587890625000018, 0.122893819962207121
0.356628402964863700, 0.683202742843518340, -0.862785551834750475, 0.000000000000000000, 0.037894829347589899, 0.758515625000000027, 0.960087890624999996, 0.072367663832480264
0.286555637446913036, 0.662653466036564387, -1.323898010507404965, 0.000000000000000000, 0.035840121936453757, 0.798515624999999951, 0.935087890625000084, 0.136624045850873815
0.303587066965884778, 0.832142351071619935, -1.235509878636588343, 0.000000000000000000, 0.039137318178553995, 0.768515625000000036, 0.953837890625000018, 0.104841782603170244
0.232122990874706892, 1.070348225791995622, -0.633411309265173639, 0.000000000000000000, 0.041574676738853872, 0.728515625000000000, 0.928837890624999996, 0.084828189957211114
0.376473437269965572, 0.700397128259469093, -1.547515392409666068, 0.000000000000000000, 0.057457717294748002, 0.648515625000000040, 0.978837890625000040, 0.129577200515004237
0.424929570430196746, 0.577564171433844864, -1.015599070031773632, 0.000000000000000000, 0.048197590871594226, 0.668515624999999947, 0.966337890624999973, 0.094305560016970116
0.347289599901230428, 0.669823024788427257, -1.364790047950724450, 0.000000000000000000, 0.055045283392326137, 0.653515625000000044, 1.000712890625000018, 0.087104275894035216
0.277958992798423232, 0.808599504274305492, -0.944877882136731850, 0.000000000000000000, 0.042329342768680382, 0.693515624999999969, 0.975712890624999996, 0.107654867582291189
0.440605551821303898, 0.754377832058914066, -1.645908407481500246, 0.000000000000000000, 0.037536177391607681, 0.773515625000000040, 0.925712890625000062, 0.070476654232328115
0.387202550798235623, 0.707157365460495679, -0.435102714798790924, 0.000000000000000000, 0.033166554950426863, 0.793515624999999947, 1.013212890624999973, 0.078350609023422613
0.482519961721062374, 0.603611417419746332, -1.280938305792127974, 0.000000000000000000, 0.045410751408472817, 0.723515624999999996, 1.006962890625000107, 0.113509502490984696
0.221892018215476328, 0.814198641338885531, -0.763275723553446195, 0.000000000000000000, 0.035373823823928105, 0.763515625000000031, 0.981962890624999973, 0.060124244359047611
0.329381719280792851, 0.806187115907504470, -1.078290241737354105, 0.000000000000000000, 0.040604155689926105, 0.703515624999999978, 1.019462890625000062, 0.126191272088436224
0.325020167642463553, 0.750792063958465761, -1.459912882690505898, 0.000000000000000000, 0.033483851082692369, 0.786015624999999996, 0.921025390624999996, 0.095562375216865558
0.255852814311028687, 0.785190125247986370, -1.107297233124685754, 0.000000000000000000, 0.042830777939506778, 0.746015624999999960, 0.946025390625000018, 0.077320159161557683
0.470023545912592211, 0.692349944458279576, -0.815767403069843189, 0.000000000000000000, 0.055859070944123512, 0.646015624999999982, 0.933525390625000062, 0.106239014600266565
0.381756270710417678, 0.625729373435893410, -1.211713775340750754, 0.000000000000000000, 0.039838839914056685, 0.716015625000000044, 0.927275390625000084, 0.073332111526436150
0.126271638381729806, 1.184954721352117435, -0.547721793686796854, 0.000000000000000000, 0.051585689310749687, 0.676015625000000009, 0.952275390624999996, 0.138444841755862774
0.342728890868782554, 0.742828169715361253, -0.981410382917536794, 0.000000000000000000, 0.044487108090890091, 0.736015624999999951, 0.939775390625000040, 0.065962497708602991
0.449426944204977030, 0.675161998149372389, -1.422929046232904726, 0.000000000000000000, 0.039825343625828756, 0.741015624999999956, 0.974150390624999973, 0.127873029864185001
0.205363073831603488, 1.093485469297569734, -1.047799075167126226, 0.000000000000000000, 0.037571819710362442, 0.781015624999999991, 0.999150390624999996, 0.067732384741063245
0.316389461569559938, 0.643438130437233635, -0.703480674349070689, 0.000000000000000000, 0.048283995771910310, 0.681015625000000013, 0.986650390625000040, 0.115022249650723357
0.246617750318432083, 0.825554726097881053, -1.258561825928497413, 0.000000000000000000, 0.051942584911847202, 0.641015624999999978, 1.011650390625000062, 0.060925523352344309
0.371334845769925925, 0.868956806095727896, -1.344580984244165833, 0.000000000000000000, 0.046818881385525875, 0.671015625000000004, 0.980400390625000062, 0.079394791745247106
0.299335823861458461, 0.841797424695474250, -0.905540851231388277, 0.000000000000000000, 0.043776201296464229, 0.711015625000000040, 1.005400390624999973, 0.098126477768509426
0.497384288514227613, 0.569613315363874051, -1.629905116046077351, 0.000000000000000000, 0.032013071178174063, 0.791015625000000000, 0.955400390625000040, 0.064238858864799409
0.417839563983326112, 0.645861792799701795, -1.161560079058371997, 0.000000000000000000, 0.038111172460150042, 0.771015624999999982, 0.992900390625000018, 0.088265119198500053
0.334335624579599255, 0.875535254624664416, -1.493501389940893098, 0.000000000000000000, 0.039523295542316483, 0.765703125000000040, 0.982548828124999996, 0.086672906560684271
0.265387513821455590, 0.885646210981944848, -1.158298793818644423, 0.000000000000000000, 0.038019078542737200, 0.725703125000000004, 1.007548828125000018, 0.107121724886547379
0.499469240803134151, 0.585182592202802443, -0.900398069566974213, 0.000000000000000000, 0.046365936516065895, 0.665703124999999951, 0.970048828125000040, 0.077962590758702890
0.393553058495871244, 0.715203838825065219, -1.255718591569329634, 0.000000000000000000, 0.049503963005850325, 0.695703124999999978, 0.988798828124999973, 0.125566330954872130
0.148826785083086499, 1.261636951885570790, -0.695363091734645833, 0.000000000000000000, 0.048401497227900180, 0.655703125000000053, 1.013798828125000107, 0.066510561670371074
0.352503771812535283, 0.577337974565463319, -1.043872667894404138, 0.000000000000000000, 0.035520071413266109, 0.755703125000000031, 0.976298828125000018, 0.139595141260806715
0.433466686512493260, 0.595179309948349999, -1.382113683380935099, 0.000000000000000000, 0.043349528866562376, 0.720703125000000000, 0.935673828124999996, 0.061431736501652096
0.194060485156145546, 0.963306824212451174, -0.976980278707414773, 0.000000000000000000, 0.037095990156817006, 0.760703125000000036, 0.960673828125000018, 0.115977937382766808
0.308375371489560679, 0.788903451909640729, -0.535464367526879537, 0.000000000000000000, 0.044790196124182953, 0.700703124999999982, 0.923173828125000040, 0.068295154199630115
0.237663653052008483, 0.962528148568252639, -1.208683127740973973, 0.000000000000000000, 0.052783042326580883, 0.660703124999999947, 0.948173828125000062, 0.128935491138169073
0.362032501495252623, 0.716717251498883545, -1.300011047896291183, 0.000000000000000000, 0.053797887255797310, 0.650703125000000049, 0.941923828125000084, 0.109995984630455595
0.291358290698121913, 0.743729978748738807, -0.809535443814068723, 0.000000000000000000, 0.045546296860286613, 0.690703124999999973, 0.966923828124999996, 0.088998489410276535
0.471485887467790354, 0.670357533801475003, -1.595411052329983148, 0.000000000000000000, 0.040116966786025950, 0.770703125000000044, 1.016923828124999929, 0.135947438153105976
0.405547811064258412, 0.753811906391962050, -1.103745922970104543, 0.000000000000000000, 0.033914620738505839, 0.790703124999999951, 0.929423828125000018, 0.098941783253115756
0.411957237766980122, 0.658439281854449887, -1.439267443970976723, 0.000000000000000000, 0.041997912017606082, 0.718203125000000053, 1.009111328124999929, 0.137759216871422507
0.173691885466649126, 0.933715049042865175, -1.074564174313351161, 0.000000000000000000, 0.049380836014063255, 0.678203125000000018, 0.984111328125000018, 0.072968946529796297
0.366943781687690707, 0.770725549795169051, -0.756247672969276419, 0.000000000000000000, 0.040716458109703708, 0.738203124999999960, 0.996611328124999973, 0.123914910372440568
0.295615484508388870, 0.802590273384153230, -1.278176057555218126, 0.000000000000000000, 0.034904524392445055, 0.778203124999999996, 0.971611328125000062, 0.065635829489727765
0.484227752570530467, 0.508232673722528783, -1.828426341828265578, 0.000000000000000000, 0.047669281053558443, 0.698203125000000036, 0.921611328125000018, 0.100260385645964067
0.312642631615992150, 0.713952934283592522, -1.183954715036109606, 0.000000000000000000, 0.034446994943535592, 0.788203125000000004, 1.015361328125000018, 0.076937244027142443
0.242479144153086273, 0.872284042962392370, -0.418012721121691744, 0.000000000000000000, 0.040104262447286099, 0.748203124999999969, 0.990361328124999996, 0.095089118563645950
0.387895904736275887, 0.825987101623603004, -1.511034964952591153, 0.000000000000000000, 0.045578706639868891, 0.668203125000000009, 0.940361328125000062, 0.062250440512076850
0.441666632514657931, 0.667045113539143975, -0.940124998654924049, 0.000000000000000000, 0.054682227940359679, 0.648203124999999991, 1.002861328125000062, 0.085533003684291994
0.338788513930087631, 0.780503883442348667, -1.401531877536437154, 0.000000000000000000, 0.046352206854084435, 0.673203125000000013, 0.962236328125000040, 0.097640522826979700
0.269796326023469424, 0.962686071795389453, -1.011440699954614164, 0.000000000000000000, 0.047491439175256049, 0.713203125000000049, 0.937236328125000018, 0.079001602340534646
0.425846754260432503, 0.652945810666203053, -1.675567545043879170, 0.000000000000000000, 0.035057125439070413, 0.793203125000000009, 0.987236328125000062, 0.120676940916100206
0.377125536481973500, 0.597537758935342889, -0.623704996734187000, 0.000000000000000000, 0.039528656733517603, 0.773203124999999991, 0.949736328125000084, 0.108549341795372317
0.460428751837624661, 0.712159275415596760, -1.321277291316454328, 0.000000000000000000, 0.036606139579902219, 0.743203124999999964, 0.968486328125000018, 0.067396951453177770
0.211756316241125175, 0.971080385027035198, -0.857161989772457833, 0.000000000000000000, 0.038097753123425851, 0.783203125000000000, 0.943486328124999996, 0.127239760106989869
0.321230938002326605, 0.712125945830488383, -1.131605757222594377, 0.000000000000000000, 0.051191405298657962, 0.683203125000000022, 0.955986328125000062, 0.060623799905098960
0.477606594780119798, 0.630186310371189662, -1.466709621540478459, 0.000000000000000000, 0.032098159975091842, 0.799453124999999987, 0.997392578125000040, 0.102271311833037365
0.219911212616864749, 0.993135001762820324, -1.117830714250052759, 0.000000000000000000, 0.041029847443816200, 0.759453124999999951, 0.972392578125000018, 0.082748404805201500
0.327741895704208752, 0.677246629461888960, -0.833965474585570243, 0.000000000000000000, 0.055624157821474916, 0.659453124999999973, 1.009892578125000107, 0.091993412326748542
0.258683459880916344, 0.829187882045311242, -1.310712158220592505, 0.000000000000000000, 0.043005427065543979, 0.699453125000000009, 0.984892578124999973, 0.074432487333818950
0.345571674664045092, 0.809194884423793170, -1.220729289463396761, 0.000000000000000000, 0.041280083938117371, 0.709453125000000018, 1.003642578125000018, 0.063498999852598631
0.276335797732119692, 0.841634161715486329, -0.582198722391763956, 0.000000000000000000, 0.053389071743587549, 0.669453124999999982, 0.978642578124999996, 0.119880756237046096
0.437486409516894159, 0.565400285156581917, -1.536889260884929165, 0.000000000000000000, 0.038860644166714871, 0.749453125000000053, 0.928642578125000062, 0.078480377117830458
0.385139697207378007, 0.690746142941011998, -0.994484800324121898, 0.000000000000000000, 0.043980763428642322, 0.729453125000000036, 1.016142578124999973, 0.070593381099342462
0.301992609808655499, 0.760942154233652079, -1.352212824778031841, 0.000000000000000000, 0.037194332445588452, 0.754453124999999947, 0.950517578125000040, 0.116748201599901555
0.230244071443438086, 0.795005605356868261, -0.920655803056744104, 0.000000000000000000, 0.035206833600556535, 0.794453124999999982, 0.925517578125000018, 0.061839733656037635
0.422220808932736391, 0.829184159601778603, -0.338987756481304636, 0.000000000000000000, 0.047164918369671231, 0.694453125000000004, 0.963017578124999996, 0.129791812585020316
0.184293173535881982, 1.074670768209029070, -1.171249125385108059, 0.000000000000000000, 0.050655021311343959, 0.654453124999999969, 0.938017578125000084, 0.068748734550089868
0.396460753155875978, 0.578398917864159423, -1.267028763502842104, 0.000000000000000000, 0.049736348331945700, 0.664453124999999978, 0.956767578125000018, 0.089589570380664341
0.153415141559352347, 1.048567290958866360, -0.726914248039865374, 0.000000000000000000, 0.046364334744142609, 0.704453125000000013, 0.931767578124999996, 0.110726519876221507
0.354852790657428474, 0.761021855577485695, -1.059420411716667232, 0.000000000000000000, 0.038473537729555397, 0.764453124999999956, 0.969267578124999973, 0.080586140340700704
0.369441597812218581, 0.621771173807273314, -1.448491636186011622, 0.000000000000000000, 0.048895732933968893, 0.686953125000000053, 0.970830078124999996, 0.071534182833213722
0.297741679361641753, 0.763023088807065264, -1.089331159049075293, 0.000000000000000000, 0.052620255956106199, 0.646953125000000018, 0.995830078125000018, 0.135050504019770562
0.491462681003711432, 0.682615833314637266, -1.714505014117812864, 0.000000000000000000, 0.045649779503545873, 0.726953124999999978, 0.945830078125000084, 0.088411308187505186
0.415284651206101363, 0.712674442237456018, -0.783699984664222971, 0.000000000000000000, 0.038533105255667860, 0.746953124999999996, 0.983330078125000062, 0.064345254391339965
0.446026226351681654, 0.612029398711679273, -1.196428676713205075, 0.000000000000000000, 0.036919396550307737, 0.776953125000000022, 0.977080078124999973, 0.093219413411750329
0.203171805905135117, 0.793496088421881685, -0.481714385778489795, 0.000000000000000000, 0.039102604812558270, 0.736953124999999987, 1.002080078125000107, 0.075424453040086270
0.350174702868466137, 0.738870248472573876, -1.519710400547328089, 0.000000000000000000, 0.054071598561479889, 0.656953125000000027, 0.952080078125000062, 0.115212755102279144
0.314781933562346516, 0.878140289861012446, -0.958878733192234156, 0.000000000000000000, 0.047486925167707805, 0.676953125000000044, 0.989580078125000040, 0.103634287029853750
0.379757148659183807, 0.752136830009025648, -1.411098082178631419, 0.000000000000000000, 0.057583478355284087, 0.641953125000000013, 0.923955078124999996, 0.081660116106953243
0.121595125462640230, 1.244048100931209877, -1.027890691228237507, 0.000000000000000000, 0.044253146326694269, 0.681953125000000049, 0.948955078125000018, 0.100926262184226179
0.341034761706134337, 0.719132701773813054, -0.661155672064144717, 0.000000000000000000, 0.032799654054981246, 0.781953125000000027, 0.936455078125000062, 0.090783535336561541
0.271985168122421961, 0.737679578257712798, -1.244237668966887700, 0.000000000000000000, 0.042153688430552304, 0.741953124999999991, 0.961455078124999973, 0.112202178079056192
0.323393376928558851, 0.774927730552765759, -1.331712207208878063, 0.000000000000000000, 0.043803332813044465, 0.731953124999999982, 0.930205078125000084, 0.131521554954923792
0.254142661761153743, 0.938266303531957835, -0.879266745541334993, 0.000000000000000000, 0.034095443294688631, 0.771953125000000018, 0.955205078124999996, 0.069664952581567366
0.402453684495627129, 0.650421914025883452, -1.619831427689021996, 0.000000000000000000, 0.046821035838091281, 0.691953124999999947, 1.005205078124999929, 0.106414972830180546
0.465781403587433029, 0.579736185827630313, -1.145089494512747663, 0.000000000000000000, 0.041120154837089445, 0.711953124999999964, 0.942705078125000040, 0.118304111074431048
0.386512095946962675, 0.644834719496379605, -1.489078290321086406, 0.000000000000000000, 0.039587388355702628, 0.758828124999999964, 1.004033203125000107, 0.101260857022340944
0.136264105867472257, 1.167078934289059067, -1.151727451172802175, 0.000000000000000000, 0.034076659034797736, 0.798828125000000000, 0.979033203124999973, 0.081930839036128605
0.346715898018172763, 0.755111778613677620, -0.889947461552068164, 0.000000000000000000, 0.043451925483382239, 0.698828125000000022, 1.016533203125000062, 0.112574155290913677
0.277418390398469661, 0.909975132416886989, -1.336882543983678673, 0.000000000000000000, 0.051307416307015762, 0.658828124999999987, 0.991533203125000040, 0.091084504595226559
0.328834516704715918, 0.739262575597689264, -1.249999986937395002, 0.000000000000000000, 0.050371451523856615, 0.668828124999999996, 0.997783203125000018, 0.069895908658081429
0.259809224699416363, 0.767470354119738518, -0.678623915202704708, 0.000000000000000000, 0.042757005465873028, 0.708828125000000031, 0.972783203124999996, 0.131957580548623249
0.410325420422945675, 0.705494428381291283, -1.558060909267670491, 0.000000000000000000, 0.037899111313141595, 0.788828124999999991, 0.922783203125000062, 0.086386514483899793
0.480848357991123854, 0.675824449328606192, -1.035937981015035536, 0.000000000000000000, 0.037232005140240131, 0.768828124999999973, 1.010283203124999973, 0.062871620886538054
0.356035172765938546, 0.814185239426260976, -1.377196814921465506, 0.000000000000000000, 0.038048030972574691, 0.793828124999999996, 0.957158203124999996, 0.135498228928549264
0.286020818773424612, 0.838091482682108868, -0.968007408989682294, 0.000000000000000000, 0.036649738820472996, 0.753828124999999960, 0.932158203125000084, 0.071771335857676852
0.457868184545162094, 0.569690674866178415, -1.655842913542773243, 0.000000000000000000, 0.050493889519008614, 0.673828125000000000, 0.982158203125000018, 0.109632526431967539
0.397936009648780842, 0.642323909527101944, -0.509613483153680935, 0.000000000000000000, 0.047489782326456960, 0.653828124999999982, 0.969658203125000062, 0.121881143596923786
0.424019627323231951, 0.699904783278273546, -1.294607605452894772, 0.000000000000000000, 0.046811022501998194, 0.703828125000000027, 0.950908203125000018, 0.075674503246134492
0.185973400484295948, 1.170000122147614841, -0.796805548198195712, 0.000000000000000000, 0.045474086770359967, 0.663828124999999991, 0.925908203124999996, 0.093528458192213115
0.303055524780979024, 0.673309699685063823, -1.096581127556929269, 0.000000000000000000, 0.039249664128909262, 0.723828125000000044, 0.963408203124999973, 0.084129184074687127
0.315853306292834479, 0.794316872342798574, -1.434625272870881263, 0.000000000000000000, 0.048441225776446689, 0.646328125000000031, 0.977470703125000062, 0.062044747249367121
0.246030507914703794, 0.972578805642038580, -1.067041024073163147, 0.000000000000000000, 0.049646584812874692, 0.686328124999999956, 1.002470703124999973, 0.117135249973328928
0.448280122165679307, 0.435229837317355872, -0.741835157563333958, 0.000000000000000000, 0.038671161049798265, 0.786328125000000044, 0.989970703125000018, 0.068976653143422800
0.416982035047649913, 0.772258271793033302, -1.177631668697055378, 0.000000000000000000, 0.038775636217802140, 0.736328125000000000, 0.971220703124999973, 0.111093604926150030
0.179110485966770538, 1.072306281444354470, -0.380916166830066460, 0.000000000000000000, 0.040109386326166410, 0.776328125000000036, 0.996220703124999996, 0.089886581358278594
0.370701811484659083, 0.675349613628287160, -0.930484148207052053, 0.000000000000000000, 0.046086810340185545, 0.716328124999999982, 0.983720703125000040, 0.099929096651470040
0.298804469277440532, 0.668832042997811516, -1.357264726608872429, 0.000000000000000000, 0.044812976747369213, 0.676328124999999947, 1.008720703125000062, 0.080853302781853750
0.495357274241810974, 0.624287956737518468, -1.884498380635172721, 0.000000000000000000, 0.039505360980146328, 0.756328125000000018, 0.958720703125000018, 0.123505460061676120
0.468586026292525382, 0.626854995340782484, -1.396713749652102710, 0.000000000000000000, 0.046136837800531322, 0.681328124999999951, 0.930595703125000062, 0.083022735673211973
0.215882333063151577, 0.857944435600953903, -1.003028536024938688, 0.000000000000000000, 0.054624345954270188, 0.641328125000000027, 0.955595703124999973, 0.102610365834305120
0.324477407774490301, 0.836306412509519093, -0.603521477822487551, 0.000000000000000000, 0.041836707030779859, 0.741328125000000004, 0.943095703125000018, 0.074679248934922129
0.255283776248382166, 0.876516955222298888, -1.226677545438438655, 0.000000000000000000, 0.035942731094353815, 0.781328125000000040, 0.968095703125000040, 0.092298392618685915
0.342163251065600138, 0.664047356817521917, -1.316011353977677434, 0.000000000000000000, 0.036439526645544160, 0.771328125000000031, 0.924345703125000084, 0.120278189782667674
0.273076058410614886, 0.807883069750572891, -0.845708444289412054, 0.000000000000000000, 0.042497858654623764, 0.731328124999999996, 0.949345703124999996, 0.063709514312525292
0.431511898603400779, 0.745275022847840640, -1.607665716196455818, 0.000000000000000000, 0.048628506299977198, 0.651328125000000036, 0.999345703125000040, 0.097317890608673213
0.381087399903997426, 0.706185119957984830, -1.124755762431558281, 0.000000000000000000, 0.049268923258289056, 0.671328125000000053, 0.936845703125000040, 0.133716186223040490
0.349017272619920049, 0.694373150536480743, -1.480182384714234800, 0.000000000000000000, 0.041673353207805873, 0.725078125000000018, 0.989189453125000062, 0.078221055501866532
0.279578164840072696, 0.685956126206300643, -1.138382950144378292, 0.000000000000000000, 0.039223527134214752, 0.765078125000000053, 1.014189453124999973, 0.096675820856885641
0.443822701028939226, 0.658242067959053490, -1.741416578571792551, 0.000000000000000000, 0.044444605702546866, 0.685078124999999982, 0.964189453125000040, 0.063289180992667005
0.389291502052098171, 0.795179018680716054, -0.868342958069395321, 0.000000000000000000, 0.045127118422970972, 0.705078125000000000, 0.976689453124999996, 0.086960248096098230
0.487759915330589044, 0.544986927917512798, -1.238430567644847935, 0.000000000000000000, 0.049220301038747596, 0.655078124999999956, 0.982939453124999973, 0.125982613548413752
0.223851766236162875, 0.882876168861960409, -0.642880031998872559, 0.000000000000000000, 0.045891607105099715, 0.695078124999999991, 1.007939453125000107, 0.066731060182189522
0.368188996642199950, 0.792405492209210749, -1.549630828452062792, 0.000000000000000000, 0.033411415152997663, 0.775078124999999951, 0.957939453125000062, 0.101933378163179031
0.331027048212306940, 0.800943888240577273, -1.019726461795655403, 0.000000000000000000, 0.035904144862329609, 0.795078124999999969, 0.970439453125000018, 0.113321813384785294
0.400931921067013586, 0.698034905599488109, -1.367284762609981108, 0.000000000000000000, 0.035879097094843070, 0.760078125000000049, 0.942314453125000062, 0.072248003171087330
0.159920889090518020, 1.187799086731687659, -0.949587136128017040, 0.000000000000000000, 0.046051015284447161, 0.720078125000000013, 0.967314453124999973, 0.136398136614304527
0.358416501670281995, 0.663894981345889978, -0.451361713747425508, 0.000000000000000000, 0.053598484097654372, 0.660078124999999960, 0.929814453124999996, 0.064987338349121113
0.288158535382859959, 0.797768518478941480, -1.190219869925394747, 0.000000000000000000, 0.041221466314848874, 0.700078124999999996, 0.954814453125000018, 0.122690613792503664
0.463064523825201246, 0.746609131837054352, -1.771890501250645622, 0.000000000000000000, 0.036651150987873901, 0.780078124999999956, 1.004814453125000062, 0.080319860680677257
0.305182157692842737, 0.842025998142061805, -1.283690947811525263, 0.000000000000000000, 0.042976042274495557, 0.690078124999999987, 0.936064453125000084, 0.094149624823168868
0.233985414406076397, 0.899462045923750786, -0.770191021920096697, 0.000000000000000000, 0.055881305461755307, 0.650078124999999951, 0.961064453124999996, 0.076177093336244214
0.378436627159695282, 0.562490245584131299, -1.583062312701240426, 0.000000000000000000, 0.040365777586546969, 0.730078125000000022, 1.011064453124999929, 0.116362432145018402
0.427703532463212244, 0.644185876385537926, -1.081993171312085167, 0.000000000000000000, 0.042907553516329570, 0.750078125000000040, 0.923564453125000018, 0.104668425659149578
0.435457548278709972, 0.715808685678637535, -1.462183043721219322, 0.000000000000000000, 0.051008569702721968, 0.677578125000000031, 1.015751953125000107, 0.114832059201851480
0.195620613835771673, 0.995386278299956295, -1.110828256762307564, 0.000000000000000000, 0.039362846040486947, 0.717578124999999956, 0.990751953124999973, 0.060824782385537228
0.309440983507722978, 0.766751571175929736, -0.821914592197939387, 0.000000000000000000, 0.034390834147459803, 0.777578125000000009, 1.003251953124999929, 0.127661590520733392
0.238876663609324524, 0.808276428528392210, -1.305378973672449039, 0.000000000000000000, 0.044012328120878852, 0.737578124999999973, 0.978251953125000018, 0.067620388560357486
0.363250296481698820, 0.719058728342051423, -1.214731575942480379, 0.000000000000000000, 0.042373043784346413, 0.747578124999999982, 1.009501953125000018, 0.088119171934461407
0.292423399731676525, 0.856117432401307776, -0.559578085009091009, 0.000000000000000000, 0.033099850736856083, 0.787578125000000018, 0.984501953124999996, 0.108909208976217531
0.474489500893969740, 0.586708534867617315, -1.532615406330173791, 0.000000000000000000, 0.045202023000356861, 0.707578124999999947, 0.934501953125000062, 0.071297813430182988
0.407121461816702224, 0.601714589497476027, -0.985803997607639926, 0.000000000000000000, 0.042317447967437048, 0.687578125000000040, 0.997001953125000062, 0.079263511657038294
0.317999936265687067, 0.630845978957580655, -1.425278866084687124, 0.000000000000000000, 0.043794450521170494, 0.712578124999999951, 0.968876953124999996, 0.106063347319058851
0.248371901223655100, 0.819166734325376233, -1.051698851527934409, 0.000000000000000000, 0.046837341612948155, 0.672578125000000027, 0.943876953125000084, 0.085816566167453937
0.452952099894808391, 0.670086853668900084, -0.711440466645366865, 0.000000000000000000, 0.040457587810153448, 0.732578124999999969, 0.956376953125000040, 0.095404361866466364
0.207523230190490349, 1.079168805341753634, -1.261394517076839694, 0.000000000000000000, 0.038135836861873842, 0.772578125000000004, 0.931376953125000018, 0.077192309499232031
0.373246019479889946, 0.680739634898021695, -1.347132228875117743, 0.000000000000000000, 0.037596064727300114, 0.782578125000000013, 0.962626953125000018, 0.065853428053940455
0.103636222142928169, 1.171006956977888702, -0.910630509324311666, 0.000000000000000000, 0.039851314447032354, 0.742578124999999978, 0.937626953124999996, 0.124325718109483147
0.335444184088173836, 0.892657222022708030, -1.164805413933896139, 0.000000000000000000, 0.051948551842647427, 0.642578125000000000, 0.950126953125000062, 0.073210856141062527
0.334612486178544388, 0.627670252373940363, -1.499007558580253363, 0.000000000000000000, 0.033430903556225827, 0.796171874999999973, 1.007646484374999929, 0.060273677243304423
0.265664375420400722, 0.796120043422209878, -1.166422170272926495, 0.000000000000000000, 0.038897627159647820, 0.756171875000000049, 0.982646484375000018, 0.113791619173341491
0.372288140595849304, 0.742402254764387592, -0.913155840926305085, 0.000000000000000000, 0.052876307668544842, 0.656171874999999960, 0.995146484374999973, 0.067007711582424648
0.451173214916913423, 0.622051067697917071, -1.262806947761587084, 0.000000000000000000, 0.044074477524658942, 0.706171875000000004, 1.013896484375000018, 0.107922433146542346
0.206446941504128706, 0.838167958515158462, -0.715363400191850074, 0.000000000000000000, 0.051892257774747028, 0.666171874999999969, 0.988896484374999996, 0.087320764987855945
0.317194311798209339, 0.947432652535879827, -1.053638903069428201, 0.000000000000000000, 0.042675728707093789, 0.726171875000000022, 1.001396484375000062, 0.097076616245658331
0.405939514843854432, 0.745797231513816050, -1.388224081097428675, 0.000000000000000000, 0.035928088397586863, 0.751171875000000044, 0.960771484375000040, 0.085039022063738548
0.166533313487506718, 1.083351071144254218, -0.987987361862872837, 0.000000000000000000, 0.037419353064700796, 0.791171874999999969, 0.935771484375000018, 0.105102356521928508
0.362336346947991494, 0.711615682584898379, -0.565364871078847031, 0.000000000000000000, 0.050129419017332810, 0.691171874999999991, 0.948271484375000084, 0.076492905785196422
0.291624628510439299, 0.736278748220411949, -1.216235710010690418, 0.000000000000000000, 0.049048436263557128, 0.651171874999999956, 0.923271484375000062, 0.094539947192809420
0.472226706491652881, 0.664835568626733875, -1.787977910096760104, 0.000000000000000000, 0.042830577306329408, 0.731171875000000027, 0.973271484374999996, 0.061890923458311015
0.308641709301878064, 0.783351475717279588, -1.306715497021824213, 0.000000000000000000, 0.046975491693104991, 0.661171874999999964, 0.967021484375000018, 0.123199260440836983
0.237967498504747355, 0.953844455182858875, -0.824957258492797552, 0.000000000000000000, 0.048175814899015366, 0.701171875000000000, 0.942021484374999996, 0.065256760685627538
0.382764370407199350, 0.656806351012729661, -1.600528295908932197, 0.000000000000000000, 0.035372354117099880, 0.781171874999999960, 0.992021484375000040, 0.099681348483168883
0.433960947329898317, 0.587726624268421816, -1.112586261206304661, 0.000000000000000000, 0.039974022304457228, 0.761171875000000053, 0.954521484375000062, 0.136963611452869727
0.426308114533350824, 0.674441179500293475, -1.445041831104406871, 0.000000000000000000, 0.050355665988561109, 0.688671875000000044, 0.984208984375000040, 0.098370361458878064
0.188042762233019856, 1.089656587700826407, -1.083836081015839614, 0.000000000000000000, 0.049271270826990544, 0.648671875000000009, 1.009208984375000062, 0.079592119675966841
0.304384515491611107, 0.716316626323912575, -0.773607715557779185, 0.000000000000000000, 0.036051353547708297, 0.748671874999999987, 0.971708984374999973, 0.109360721136814262
0.233056218312309271, 0.883736966925699696, -1.285063700573878753, 0.000000000000000000, 0.037551453367353875, 0.788671875000000022, 0.996708984374999996, 0.088484493453955745
0.357520855846913732, 0.774490262816970532, -1.191777295288772631, 0.000000000000000000, 0.038955079302583448, 0.778671875000000013, 0.990458984375000018, 0.067900726908475886
0.287357368384007827, 0.808654839776852374, -0.459206701810016327, 0.000000000000000000, 0.037515163396097354, 0.738671874999999978, 1.015458984374999929, 0.128190845678337301
0.461080425257258342, 0.485572508161945138, -1.516464024913039443, 0.000000000000000000, 0.052021896306142443, 0.658671875000000018, 0.965458984374999996, 0.083920607674483352
0.399801170071685918, 0.663651726811602671, -0.951925716877805916, 0.000000000000000000, 0.045581488034375714, 0.678671875000000036, 0.977958984375000062, 0.061076947736574842
0.330203673976530554, 0.710665440319695807, -1.407521542639153633, 0.000000000000000000, 0.055425130648623193, 0.643671875000000004, 0.937333984375000040, 0.138788932766645529
0.261211486069912346, 0.697017637809348667, -1.021778728847799078, 0.000000000000000000, 0.046882840860762068, 0.683671875000000040, 0.962333984375000062, 0.073514371262934405
0.412368435660550425, 0.680374396357384059, -1.680470377864768494, 0.000000000000000000, 0.041175575774622095, 0.763671875000000000, 1.012333984375000107, 0.112295056993161085
0.485095825314396989, 0.706224463394407920, -0.647529404297366940, 0.000000000000000000, 0.034826461257908274, 0.783671875000000018, 0.924833984375000084, 0.124841143518675229
0.222874463518026478, 0.955518955334577647, -1.239886601324913240, 0.000000000000000000, 0.040572219194456201, 0.743671874999999982, 0.949833984374999996, 0.066126440996214494
0.388243683758874802, 0.605394076978555851, -1.327814021812818712, 0.000000000000000000, 0.041198091671178570, 0.733671874999999973, 0.943583984375000018, 0.077512330797440687
0.139571248162375317, 1.113526593220076188, -0.871097443656256187, 0.000000000000000000, 0.035294023236134724, 0.773671875000000009, 0.968583984375000040, 0.095799886083028141
0.348152188614152702, 0.777707579732314525, -1.140066127498593485, 0.000000000000000000, 0.042508753181987990, 0.713671874999999956, 0.931083984375000062, 0.086172341620875142
0.380088787383135229, 0.698966176118750782, -1.472342504605942182, 0.000000000000000000, 0.037908166640539469, 0.769921874999999978, 0.972490234375000040, 0.119188404890918642
0.122393405219880125, 1.146307920932410296, -1.126475207699818792, 0.000000000000000000, 0.040205999545271515, 0.729921875000000053, 0.997490234375000062, 0.063132271952261038
0.341316540119083633, 0.820708839965720305, -0.848598279613865802, 0.000000000000000000, 0.048900223546311489, 0.669921875000000000, 0.984990234374999996, 0.132504645878182586
0.272258104295791226, 0.852346091745893708, -1.317330928230800335, 0.000000000000000000, 0.045628353547368161, 0.709921875000000036, 1.009990234375000018, 0.070185680781410076
0.323664202267880285, 0.687902459477734318, -1.228157026984076250, 0.000000000000000000, 0.046405646409364155, 0.699921875000000027, 0.978740234375000018, 0.091462119691812699
0.254428325335954886, 0.840652014398338476, -0.608668631686867245, 0.000000000000000000, 0.049790692762954336, 0.659921874999999991, 1.003740234374999929, 0.113040861463518841
0.402836704125170586, 0.778449158168111999, -1.542212632750215029, 0.000000000000000000, 0.043441771541155791, 0.739921874999999951, 0.953740234374999996, 0.074002614897084526
0.466474056369832912, 0.640958629179887884, -1.005143704562244444, 0.000000000000000000, 0.036639615888168720, 0.759921874999999969, 0.991240234374999973, 0.082270505171806660
0.369755928556561919, 0.737297689477516505, -1.358523287223552201, 0.000000000000000000, 0.044508885910718464, 0.724921875000000049, 0.925615234375000040, 0.104408927558946957
0.298007390191344423, 0.890339679727609301, -0.932911584436197261, 0.000000000000000000, 0.034591953547037278, 0.764921874999999973, 0.950615234375000062, 0.084477964035793010
0.492417429832083919, 0.599261244837503426, -1.640922022025730342, 0.000000000000000000, 0.047621158437226280, 0.684921875000000013, 1.000615234375000107, 0.129042221583259509
0.415706826464117996, 0.527282766923136470, -0.390593591807574692, 0.000000000000000000, 0.041787725628186091, 0.704921875000000031, 0.938115234374999996, 0.093916205349984405
0.177779191067263587, 0.961301177340221802, -1.179217944312957567, 0.000000000000000000, 0.054091382234807479, 0.664921874999999996, 0.963115234375000018, 0.075988232073879489
0.446584858440647658, 0.755639352133491315, -1.274014431122674873, 0.000000000000000000, 0.056367833943740397, 0.654921874999999987, 0.931865234375000018, 0.064826219169840216
0.203539246844124000, 1.010473173942461278, -0.745484333076727346, 0.000000000000000000, 0.043542610829422394, 0.694921875000000022, 0.956865234375000040, 0.122386434370759675
0.315049662966888078, 0.736182350948299868, -1.068930816527090544, 0.000000000000000000, 0.032445665231906021, 0.794921875000000000, 0.944365234375000084, 0.072068883064443257
0.230558402187781397, 0.929940472426254217, -1.098380203237439234, 0.000000000000000000, 0.052256582424435878, 0.677421874999999951, 0.970927734375000018, 0.100343379362360333
0.422667929699291345, 0.620204141748770477, -0.800022222561146190, 0.000000000000000000, 0.043133419767934396, 0.737421875000000004, 1.008427734375000107, 0.090259230144724090
0.396828194094864806, 0.720597787184906746, -1.204112701729196822, 0.000000000000000000, 0.032325794986350562, 0.787421875000000049, 1.002177734375000018, 0.130761974114127599
0.153973773648318352, 1.271710784411078432, -0.516254714366314316, 0.000000000000000000, 0.041517057241677417, 0.747421875000000013, 0.977177734374999996, 0.069262614247945373
0.355147882828864558, 0.614063147189563230, -0.970264965725702200, 0.000000000000000000, 0.056585419809244981, 0.647421875000000036, 1.014677734374999973, 0.117620865379910747
0.285218066437653461, 0.770157617825582008, -1.378428442841916013, 0.000000000000000000, 0.043525800756295335, 0.687421874999999960, 0.989677734375000062, 0.062301970289985791
0.478404874537359748, 0.576536872330328798, -1.417030809830138960, 0.000000000000000000, 0.048101868281062929, 0.672421874999999947, 0.949052734375000040, 0.071121049071521600
0.220242851340816170, 0.914574861910097958, -1.037932045200990139, 0.000000000000000000, 0.044920784642763868, 0.712421874999999982, 0.924052734375000018, 0.134270542321260761
0.328014831877578017, 0.773450947875016670, -0.682874259928543115, 0.000000000000000000, 0.037333203318260989, 0.772421875000000036, 0.961552734374999996, 0.063973639088824960
0.258965238293865641, 0.936477227889936481, -1.251433695222936127, 0.000000000000000000, 0.039564993422222222, 0.732421875000000000, 0.936552734375000084, 0.120776835084125053
0.345857338238846235, 0.718050248803469682, -1.338170331226743448, 0.000000000000000000, 0.038982577753184144, 0.742421875000000009, 0.955302734375000018, 0.092681040211691240
0.276606623071441127, 0.738895253703321653, -0.892581203157784220, 0.000000000000000000, 0.036813795781614644, 0.782421875000000044, 0.930302734374999996, 0.074988851670588955
0.437999802548032557, 0.680201076371964697, -1.624875394252311089, 0.000000000000000000, 0.041420676475484371, 0.702421874999999973, 0.980302734375000040, 0.114547363019429860
0.385481747316927692, 0.751268316992863783, -1.153376456643550707, 0.000000000000000000, 0.049520797612326826, 0.682421874999999956, 0.967802734374999973, 0.103035764461409093
0.463735894132527693, 0.684114892120795237, -1.485750175087923841, 0.000000000000000000, 0.038701788943305046, 0.729296874999999956, 0.979130859374999996, 0.132943930654786491
0.213487904053037275, 0.942810003237256611, -1.146755335227869654, 0.000000000000000000, 0.040104365555051799, 0.769296874999999991, 1.004130859375000018, 0.070418363197173789
0.322581609601530317, 0.742729861075769437, -0.881959187525847899, 0.000000000000000000, 0.046132732591006038, 0.709296875000000049, 0.991630859375000062, 0.119583543125274680
0.253284101981827214, 0.770745491427737184, -1.333007689830063791, 0.000000000000000000, 0.044779776037081435, 0.669296875000000013, 1.016630859374999973, 0.063341570620977450
0.340190775300583614, 0.758731494419581765, -1.245682404473679838, 0.000000000000000000, 0.046752391197567210, 0.659296875000000004, 0.972880859375000018, 0.074247951367649168
0.271165483295284060, 0.913824953601239054, -0.665595155419338447, 0.000000000000000000, 0.047998361865413029, 0.699296875000000040, 0.997880859375000040, 0.091765338620856660
0.428172526301774936, 0.633635371628399557, -1.554905503281871493, 0.000000000000000000, 0.035191577942349610, 0.779296875000000000, 0.947880859374999996, 0.060074515771904320
0.378765861908280765, 0.647005541438621212, -1.029913303139671665, 0.000000000000000000, 0.037561266423842068, 0.799296875000000018, 0.985380859374999973, 0.082543251687568181
0.313979181226575366, 0.681167663033561577, -1.373492175145098804, 0.000000000000000000, 0.037709892106320357, 0.764296874999999987, 0.932255859374999996, 0.099351972793099139
0.243964827234061432, 0.846843769160465554, -0.961175889817387885, 0.000000000000000000, 0.043991537035429108, 0.724296874999999951, 0.957255859375000018, 0.080386347994638507
0.444369023882370262, 0.692281535842979800, -0.488901403953303726, 0.000000000000000000, 0.051107447200356496, 0.664296875000000009, 0.944755859375000062, 0.110452002309257266
0.202063990351219108, 1.203327122543852878, -1.197972249224942054, 0.000000000000000000, 0.043350292188805928, 0.704296875000000044, 0.969755859374999973, 0.089367456374789614
0.414026599515704030, 0.638475539608741594, -1.290531235831432255, 0.000000000000000000, 0.044063487492442432, 0.694296875000000036, 0.926005859375000018, 0.068578289968596107
0.175980372676768027, 0.869010041521489196, -0.787013059045442498, 0.000000000000000000, 0.052068426821118292, 0.654296875000000000, 0.951005859375000040, 0.129470027590399744
0.368501445762663304, 0.819876528709315155, -1.091151789416211937, 0.000000000000000000, 0.040100483780000917, 0.754296874999999978, 0.938505859375000084, 0.061686418142789752
0.353969492085296211, 0.699993360692870881, -1.431130174851288794, 0.000000000000000000, 0.048520692255867734, 0.676796874999999964, 1.002568359375000107, 0.083643309980536901
0.284146693707165499, 0.709413205549571435, -1.061334889363521938, 0.000000000000000000, 0.041212903800607326, 0.716796875000000000, 0.977568359374999973, 0.103377352807037776
0.453552590361228858, 0.659720227526628844, -1.699977079874134933, 0.000000000000000000, 0.036660321356164399, 0.796796874999999960, 0.927568359375000040, 0.067676363483200885
0.395363812264192704, 0.828096178480567269, -0.730694471450845207, 0.000000000000000000, 0.035962241135732854, 0.776796875000000053, 1.015068359375000062, 0.075237457753308340
0.420889514033229439, 0.552012472348638150, -1.172850429290370311, 0.000000000000000000, 0.041262986763229884, 0.746796875000000027, 0.996318359375000018, 0.121177239346686783
0.183017964952350065, 0.955734454047553972, -0.350000246447389918, 0.000000000000000000, 0.035477944741476614, 0.786796874999999951, 0.971318359374999996, 0.064185727091999628
0.335721793535221635, 0.808042450297148496, -1.503394682840292651, 0.000000000000000000, 0.048167407059572925, 0.706796874999999991, 0.921318359375000062, 0.098045317644955346
0.301195530722559446, 0.822801507228403284, -0.923130971855647409, 0.000000000000000000, 0.045448493802819852, 0.686796874999999973, 1.008818359374999973, 0.134715681469380177
0.384117666936848401, 0.700116058330631508, -1.393084453895530261, 0.000000000000000000, 0.046715925842522640, 0.711796874999999996, 0.955693359374999996, 0.062508516308953169
0.131413973707474596, 1.278960909844663041, -0.996633363804217298, 0.000000000000000000, 0.045464980424531114, 0.671796874999999960, 0.930693359375000084, 0.118010806843698163
0.344716223751617812, 0.655584202774618263, -0.587644342975046419, 0.000000000000000000, 0.039295611184452857, 0.731796875000000013, 0.968193359375000062, 0.069492236476096397
0.275522592225509677, 0.800285392799962692, -1.222220941232672553, 0.000000000000000000, 0.040616164569937808, 0.771796875000000049, 0.943193359375000040, 0.131195481514613910
0.326923941589385092, 0.827544659050914899, -1.312040114708778127, 0.000000000000000000, 0.039154284815658510, 0.781796874999999947, 0.949443359375000018, 0.111924002001917766
0.257836748934399840, 0.868083215184261681, -0.836929331595383186, 0.000000000000000000, 0.037766236546437647, 0.741796875000000022, 0.924443359374999996, 0.090558461205550569
0.407517759157152826, 0.579247298943318722, -1.604610585784808752, 0.000000000000000000, 0.052243489321257587, 0.661796874999999951, 0.974443359375000040, 0.138330334431052443
0.475257725608147275, 0.619479939581005001, -1.119569139544827063, 0.000000000000000000, 0.049177443248603694, 0.641796875000000044, 0.961943359374999973, 0.100676041803701433
0.250982727380079984, 1.011394954157257109, -1.133306794881704826, 0.000000000000000000, 0.033198304283116563, 0.795546874999999987, 0.989287109374999973, 0.139249051466042217
0.458501574306816373, 0.549500728909941616, -0.859982161091832120, 0.000000000000000000, 0.042345289489126060, 0.695546875000000009, 1.001787109374999929, 0.066345666055593458
0.376148233763837103, 0.793962036513269798, -1.234045187787518927, 0.000000000000000000, 0.052767571285557521, 0.665546874999999982, 1.008037109375000018, 0.096117485751158610
0.112240084669410933, 1.339577942882779205, -0.628588709406219470, 0.000000000000000000, 0.040626118324386208, 0.705546875000000018, 0.983037109374999996, 0.077769302820517555
0.337949704685631236, 0.698116367005285010, -1.013523795447570430, 0.000000000000000000, 0.035403309761224598, 0.765546874999999960, 0.995537109375000062, 0.106856144469879857
0.440079110909481930, 0.639851297100660465, -1.363540138783009947, 0.000000000000000000, 0.036349728965502238, 0.790546874999999982, 0.967412109374999996, 0.079855986699493189
0.199068078932986392, 0.878632492939495302, -0.942506958165721498, 0.000000000000000000, 0.038463504993675186, 0.750546874999999947, 0.942412109375000084, 0.098696482871236960
0.311841464617140018, 0.840558590480108614, -0.426667483724861629, 0.000000000000000000, 0.049956814302684137, 0.650546874999999969, 0.954912109375000040, 0.088777840835718991
0.241583498329717983, 0.891531573742266437, -1.185526369757942344, 0.000000000000000000, 0.046538855168051889, 0.690546875000000004, 0.929912109375000018, 0.109723278235362987
0.366014585593923580, 0.663786729636738682, -1.279558389321935774, 0.000000000000000000, 0.045754572709378896, 0.700546875000000013, 0.961162109375000018, 0.128615829169544421
0.294817842307157241, 0.794423961923634292, -0.759776065448200866, 0.000000000000000000, 0.049057293963484988, 0.660546874999999978, 0.936162109374999996, 0.068125834152478887
0.481679753110963838, 0.761245364212566278, -1.579959805815162044, 0.000000000000000000, 0.042859902491714071, 0.740546875000000049, 0.986162109375000040, 0.104063930595247406
0.410731454413893415, 0.694641826298935561, -1.076430124887222561, 0.000000000000000000, 0.042238637339776161, 0.720546875000000031, 0.948662109375000062, 0.115690400293843171
0.404379386164228305, 0.612215795907259497, -1.458776065557435775, 0.000000000000000000, 0.051124314704784866, 0.648046875000000022, 0.990849609374999996, 0.105450796117380313
0.164542451721289978, 1.042114532119816861, -1.105524134112709334, 0.000000000000000000, 0.047570776721846710, 0.688046874999999947, 1.015849609375000018, 0.085320946878995427
0.361123336390675398, 0.726333956711193718, -0.812662196185515384, 0.000000000000000000, 0.037109092994644426, 0.788046875000000036, 0.978349609375000040, 0.094853369860426057
0.290559016492277000, 0.866397379413956115, -1.301356328335077306, 0.000000000000000000, 0.039307410916974005, 0.748046875000000000, 1.003349609375000062, 0.076746498169123253
0.469301749169256266, 0.595385303759812690, -1.844344433886206280, 0.000000000000000000, 0.053990885426193722, 0.668046875000000040, 0.953349609375000018, 0.117232212394265733
0.307576600268323452, 0.774687772661977192, -1.210200067789381162, 0.000000000000000000, 0.039897895933690287, 0.738046874999999991, 0.984599609375000018, 0.065473102545565293
0.236749703518301158, 0.820737603109305769, -0.541645141686918574, 0.000000000000000000, 0.037635498434433673, 0.778046875000000027, 1.009599609374999929, 0.123607695626198513
0.381421519099982897, 0.742192331871508126, -1.529401012662302550, 0.000000000000000000, 0.042446557225300302, 0.698046874999999956, 0.959599609374999996, 0.080920231669445231
0.431997313533945382, 0.726147037185305488, -0.979199940876843034, 0.000000000000000000, 0.043169676295495681, 0.718046874999999973, 0.972099609375000062, 0.072788039031866272
0.351628098776344933, 0.843848974367681248, -1.421752118900622142, 0.000000000000000000, 0.042924723923188482, 0.683046875000000053, 0.943974609374999996, 0.114168865764784827
0.282000063734312911, 0.855716937210584394, -1.045839230795656327, 0.000000000000000000, 0.056048705758272761, 0.643046875000000018, 0.968974609375000018, 0.060473498982892775
0.448851833792788701, 0.588956426902527808, -1.692193874998626280, 0.000000000000000000, 0.040315206259060689, 0.723046874999999978, 1.018974609375000062, 0.092374795542647090
0.392476769809509629, 0.657305974810298066, -0.699442064241666994, 0.000000000000000000, 0.042928562173404267, 0.743046874999999996, 0.931474609375000040, 0.126924302261798516
0.496363777857071753, 0.634428523822582968, -1.343302592019885111, 0.000000000000000000, 0.034829499537973381, 0.773046875000000022, 0.937724609375000018, 0.087610254329805751
0.226753980520110032, 1.015238258249433922, -0.902976187301499422, 0.000000000000000000, 0.044596288881837344, 0.733046874999999987, 0.962724609375000040, 0.108280221974406649
0.333506128856543960, 0.556297485736280239, -1.159931444438029535, 0.000000000000000000, 0.051742978224014385, 0.673046875000000044, 0.925224609375000062, 0.078805738443745998
0.418270592920648276, 0.697134281852446636, -1.496808086568117702, 0.000000000000000000, 0.051373715115378860, 0.667734374999999991, 0.929326171874999996, 0.076619597061029318
0.180427065697121691, 1.156750977115535983, -1.163184726161290872, 0.000000000000000000, 0.043634424076549314, 0.707734375000000027, 0.954326171875000018, 0.094696528857528356
0.371652107800078901, 0.582709976340048064, -0.908092235115728008, 0.000000000000000000, 0.036189982080239491, 0.767734374999999969, 0.941826171875000062, 0.085179867833555342
0.299601495619042923, 0.745621959898694397, -1.345857526669723248, 0.000000000000000000, 0.042260329050997053, 0.727734375000000044, 0.966826171874999973, 0.105276432163376912
0.498419277502617664, 0.661922878081660282, -1.876102688246669814, 0.000000000000000000, 0.048338654078797970, 0.647734374999999973, 1.016826171875000018, 0.068919602754794043
0.316657661280100922, 0.917565094417252980, -1.259979481608796359, 0.000000000000000000, 0.038523066308463361, 0.757734374999999960, 0.923076171875000018, 0.137190457256405773
0.246910891935045479, 0.922974083493721120, -0.707479844852078932, 0.000000000000000000, 0.033106717096988342, 0.797734374999999996, 0.948076171875000040, 0.072667683275845024
0.393193463037319946, 0.637316755929536960, -1.565396724227784198, 0.000000000000000000, 0.044974839092190994, 0.717734375000000036, 0.998076171874999973, 0.111001719729545451
0.450005507423977213, 0.619797209692858231, -1.049752262017272564, 0.000000000000000000, 0.044354934002347288, 0.697734375000000018, 0.935576171875000084, 0.123403309055890947
0.343012066399217941, 0.728079909819910109, -1.385784625590867236, 0.000000000000000000, 0.048244207068283564, 0.702734375000000022, 0.982451171874999973, 0.067118693017681655
0.273892763487971425, 0.754547149949859941, -0.983611702970767054, 0.000000000000000000, 0.047071752703040100, 0.662734374999999987, 1.007451171875000107, 0.126714431648997677
0.432974679624661796, 0.690962553722335282, -1.662767803685198276, 0.000000000000000000, 0.041284378445785780, 0.742734374999999947, 0.957451171875000062, 0.082954067810691409
0.382091659748795553, 0.763903417071986390, -0.553698216613296212, 0.000000000000000000, 0.038575477751189198, 0.722734375000000040, 0.994951171875000040, 0.060373505442935640
0.470751547061416309, 0.559283016354006679, -1.304040279108606537, 0.000000000000000000, 0.037493897361297067, 0.792734374999999991, 0.976201171874999996, 0.097237399265200600
0.216898297699864129, 0.900539693893253279, -0.818851419637755429, 0.000000000000000000, 0.036025205415410266, 0.752734374999999956, 1.001201171875000018, 0.078675432361107120
0.325291738946620390, 0.759667949326308545, -1.109065260626621585, 0.000000000000000000, 0.049141202353235276, 0.652734374999999978, 0.988701171875000062, 0.108101179536236644
0.329655549136703530, 0.691993016216052914, -1.442735811974472426, 0.000000000000000000, 0.037639154239086620, 0.735234374999999996, 0.952763671874999996, 0.125047911500443837
0.260651227667448304, 0.838598098772808331, -1.080144574280592407, 0.000000000000000000, 0.039096569129002980, 0.775234375000000031, 0.927763671875000084, 0.066235962828207998
0.483369214770462741, 0.635573342275894237, -0.766747197592274166, 0.000000000000000000, 0.046957487127005294, 0.715234374999999978, 0.965263671875000062, 0.139018801756236182
0.222220078779820612, 1.007276304422229707, -1.282315820735175471, 0.000000000000000000, 0.045776889816421099, 0.675234375000000053, 0.940263671875000040, 0.073636129344834322
0.387548862417697981, 0.676558663954811679, -1.188658923093302899, 0.000000000000000000, 0.049502103624482950, 0.645234375000000027, 0.946513671875000018, 0.086315064449736120
0.138263115871073095, 1.040242259813734638, -0.443330442193758056, 0.000000000000000000, 0.050600099900636214, 0.685234374999999951, 0.921513671874999996, 0.106679456758213956
0.347576855859955514, 0.788766769536101031, -0.947237899300935382, 0.000000000000000000, 0.037681389731788834, 0.785234375000000040, 0.959013671874999973, 0.077640710494625786
0.278229125658117082, 0.824649101088268499, -1.366038253026934601, 0.000000000000000000, 0.036163147958061304, 0.745234375000000004, 0.934013671875000062, 0.095958554519897182
0.425387246727786938, 0.760229683281672619, -1.405130026281097511, 0.000000000000000000, 0.035844817546638763, 0.770234375000000027, 1.005888671874999973, 0.109541849689123921
0.187219042771886057, 1.046348127209298040, -1.017666600318718251, 0.000000000000000000, 0.041848395073671850, 0.730234374999999991, 0.980888671875000062, 0.088631045781286499
0.303852863801463036, 0.743970391395181396, -0.638174530226819137, 0.000000000000000000, 0.050845089557377363, 0.670234375000000049, 1.018388671874999929, 0.098533287242248982
0.232434520252636501, 0.751512353037923631, -1.236971665976298373, 0.000000000000000000, 0.043197684841983386, 0.710234374999999973, 0.993388671875000018, 0.079723944020780091
0.356925536943567101, 0.771119126696187984, -1.325205345883164743, 0.000000000000000000, 0.047659251787936209, 0.680234374999999947, 0.999638671874999996, 0.061178106351916992
0.286822946009969770, 0.991085890257222379, -0.865572404950755159, 0.000000000000000000, 0.056362110112678269, 0.640234375000000022, 0.974638671874999973, 0.115499105051149922
0.459781775661571024, 0.636456011768659180, -1.614772872041782881, 0.000000000000000000, 0.040488358383880194, 0.720234374999999982, 0.924638671875000040, 0.075611913085221569
0.399052235490106932, 0.602180283876767253, -1.136695357706826837, 0.000000000000000000, 0.041204413781580476, 0.740234375000000000, 1.012138671875000062, 0.068013187399206546
0.364167929835299276, 0.793919334155200218, -1.470092693781768656, 0.000000000000000000, 0.050637066838120151, 0.656484375000000009, 0.964482421874999996, 0.094071753943086478
0.293221835386080376, 0.820902837035000665, -1.123031626835813146, 0.000000000000000000, 0.047152325713435514, 0.696484375000000044, 0.939482421875000084, 0.076114087484533674
0.476816098253702636, 0.548306744692105275, -1.732793872215537601, 0.000000000000000000, 0.034453774018089481, 0.776484375000000004, 0.989482421875000018, 0.116266189116788835
0.408313893561039754, 0.674040706211221141, -0.842800527945151812, 0.000000000000000000, 0.035227915866209693, 0.796484375000000022, 0.951982421875000040, 0.104581854709576275
0.436975520728720368, 0.661914525043064472, -1.225195049980732698, 0.000000000000000000, 0.040851610580473881, 0.726484374999999960, 0.958232421875000018, 0.072188247058392302
0.196779225690601911, 1.056112049171508582, -0.598303256356196300, 0.000000000000000000, 0.038486315010824140, 0.766484374999999996, 0.933232421874999996, 0.136285322113347124
0.310240676776081858, 0.702026437068857589, -1.000905145839805277, 0.000000000000000000, 0.046352854129340801, 0.706484375000000053, 0.945732421875000062, 0.064933587511122937
0.374208588352283988, 0.552302386669015877, -1.356004409096397634, 0.000000000000000000, 0.043719264902064778, 0.691484375000000040, 1.017607421874999973, 0.132724106525778290
0.106615483204806710, 1.240540753243229544, -0.928044996835622582, 0.000000000000000000, 0.056674333500227880, 0.651484375000000004, 0.992607421875000062, 0.070301925724024356
0.336277588115840853, 0.772736034742421918, -0.370939383773709164, 0.000000000000000000, 0.041664947764857171, 0.751484374999999982, 1.005107421875000018, 0.119385810531678654
0.267321768935775750, 0.939191338065926362, -1.176041674840712759, 0.000000000000000000, 0.032531687036822854, 0.791484375000000018, 0.980107421874999996, 0.063236834695665295
0.318806372845818531, 0.731413981323484563, -1.271227679566826030, 0.000000000000000000, 0.034692767544157010, 0.761484374999999991, 1.011357421875000107, 0.082406765589117845
0.249244833617608158, 0.741857085796942539, -0.738154232931821586, 0.000000000000000000, 0.044697636665670989, 0.721484374999999956, 0.986357421874999973, 0.101849069363412217
0.396094214404435818, 0.700726585658702827, -1.573735805855712711, 0.000000000000000000, 0.051438107397597833, 0.641484374999999996, 0.936357421875000040, 0.066675867116949186
0.454765246760840236, 0.747597034268687066, -1.065145141099739012, 0.000000000000000000, 0.054373820068768501, 0.661484375000000013, 0.998857421875000040, 0.091613603708731589
0.490519900515105745, 0.581286438081422663, -1.451930509674224767, 0.000000000000000000, 0.041592605089845539, 0.748984375000000036, 0.941044921874999996, 0.064079595345456083
0.224824044082736207, 0.739794891064571525, -1.094776729215054978, 0.000000000000000000, 0.032421908539658789, 0.788984374999999960, 0.966044921875000018, 0.120976871560328991
0.331851885800470203, 0.849418403256093968, -0.793565408267059347, 0.000000000000000000, 0.043622377701681397, 0.688984374999999982, 0.928544921875000040, 0.071238843216651207
0.262887254358328604, 0.877539380884407527, -1.293251102221382176, 0.000000000000000000, 0.056644377236038435, 0.648984374999999947, 0.953544921875000062, 0.134492927732546202
0.349884911620205630, 0.633544860516098263, -1.201049198459767986, 0.000000000000000000, 0.052318838582323508, 0.678984374999999973, 0.934794921875000018, 0.103206417312442025
0.280386340326117811, 0.783454229354291098, -0.502844689625230545, 0.000000000000000000, 0.040565789264419908, 0.718984375000000009, 0.959794921875000040, 0.083505004924613893
0.445470741071102072, 0.713490752063721811, -1.522948617394066950, 0.000000000000000000, 0.036138605450542746, 0.798984374999999969, 1.009794921874999973, 0.127556001991567830
0.390346173025710397, 0.732447364613414975, -0.965740116616384592, 0.000000000000000000, 0.033692251708069942, 0.778984374999999951, 0.922294921875000062, 0.092834543064137659
0.305980028924860314, 0.806827877960252349, -1.414661904036090156, 0.000000000000000000, 0.036467004249451783, 0.783984374999999956, 0.994169921874999973, 0.090408721877393322
0.234910669075393153, 0.994913655276883913, -1.033936880303860884, 0.000000000000000000, 0.038596707161356221, 0.743984375000000031, 1.019169921875000107, 0.111738934536754098
0.429116435877542723, 0.615116764179033715, -0.674328057469969933, 0.000000000000000000, 0.052780158267064697, 0.643984375000000053, 0.981669921875000018, 0.081322970054195379
0.402071705808305147, 0.742684977444523442, -1.335592848053218207, 0.000000000000000000, 0.044483012906369142, 0.713984375000000004, 0.987919921874999996, 0.117815674785392080
0.161484266016441669, 1.093131353138053763, -0.887299343185112166, 0.000000000000000000, 0.047608221142619721, 0.673984374999999969, 1.012919921875000018, 0.062405157847340569
0.359315413620607760, 0.709928492990121951, -1.150074282727361563, 0.000000000000000000, 0.039168320993270063, 0.733984375000000022, 0.975419921875000040, 0.130978548463878047
0.240984591179499053, 0.780045459241399786, -1.156662098419883211, 0.000000000000000000, 0.047311156089919162, 0.657109374999999996, 0.932841796875000018, 0.089515471108310915
0.439034238682317390, 0.697681843086022435, -0.897806320787746692, 0.000000000000000000, 0.036554569741276195, 0.757109374999999973, 0.945341796875000084, 0.099516524368967130
0.409920645619919921, 0.615800986877772960, -1.254292981382086669, 0.000000000000000000, 0.040514636853932647, 0.767109374999999982, 0.964091796875000018, 0.061788586192700418
0.171356513849440367, 1.029066371163661398, -0.691242800573178995, 0.000000000000000000, 0.039136715019140615, 0.727109374999999947, 0.939091796874999996, 0.116651639502881030
0.365397316676018324, 0.727414499082336130, -1.041899324612837852, 0.000000000000000000, 0.045313552838123980, 0.667109375000000004, 0.951591796875000062, 0.068691872672264856
0.457239162693009460, 0.677497127280283107, -1.380886869092291303, 0.000000000000000000, 0.052051824417324220, 0.652109374999999991, 1.010966796875000018, 0.119781603213222010
0.210006155925272969, 1.121263338080501937, -0.974751296663102451, 0.000000000000000000, 0.044017089753493548, 0.692109375000000027, 0.985966796874999996, 0.063446480015029866
0.319882950857821424, 0.664372933763480278, -0.529175341703803870, 0.000000000000000000, 0.034441472624123656, 0.792109375000000004, 0.998466796875000062, 0.133164118867222764
0.250404588996916255, 0.829956692885620462, -1.207162934205745053, 0.000000000000000000, 0.040058555146758011, 0.752109374999999969, 0.973466796875000040, 0.070534993519736897
0.337391529430759229, 0.844136017882398781, -1.298663547782910932, 0.000000000000000000, 0.043959568854905318, 0.722109375000000053, 1.017216796875000107, 0.082679963840941714
0.268423225382243891, 0.869335617202961042, -0.806386781614101489, 0.000000000000000000, 0.037658333948525129, 0.762109374999999978, 0.992216796874999973, 0.102186723529317874
0.423567319282749710, 0.597650277925392936, -1.594385656175675514, 0.000000000000000000, 0.051523198217571078, 0.682109375000000018, 0.942216796875000040, 0.066896913656089171
0.375499497350074263, 0.665199639512448537, -1.101962558591766062, 0.000000000000000000, 0.043304666338699310, 0.702109375000000036, 1.004716796874999929, 0.074370924440644512
0.391763360157597051, 0.840600388516965724, -1.438108807390910293, 0.000000000000000000, 0.035396698092848393, 0.789609374999999947, 0.934404296875000040, 0.069607332902480834
0.145843049261277363, 1.204967187504413895, -1.072692339966402564, 0.000000000000000000, 0.041143714930995036, 0.749609375000000022, 0.959404296875000062, 0.131412773860433180
0.351045843244616573, 0.704057116958919704, -0.752689979208688964, 0.000000000000000000, 0.053541820869412400, 0.649609375000000044, 0.921904296875000084, 0.062612045957883528
0.281462531930802562, 0.715358513723524325, -1.276791296612454829, 0.000000000000000000, 0.045302777561697302, 0.689609374999999969, 0.946904296874999996, 0.118206262089222316
0.332954022261230664, 0.783799637660748116, -1.182379442402108793, 0.000000000000000000, 0.041097317228468495, 0.719609374999999996, 0.940654296875000018, 0.100842786367148066
0.264000405707132457, 0.962714434212198378, -0.409125298423425265, 0.000000000000000000, 0.048350815904953499, 0.679609374999999960, 0.965654296875000040, 0.081592575263101527
0.416555503139099614, 0.657332999614599345, -1.509946350131444071, 0.000000000000000000, 0.035063282123924559, 0.759609375000000031, 1.015654296874999973, 0.124634717429848038
0.494364329441470240, 0.513030317894242471, -0.937731872552995838, 0.000000000000000000, 0.041783944939178128, 0.739609375000000013, 0.928154296875000062, 0.112109375984830242
0.360519172910313157, 0.642961732571141864, -1.400329566609810339, 0.000000000000000000, 0.037200368238819476, 0.744609375000000018, 0.987529296875000018, 0.075362069694969433
0.290025936428212783, 0.781256265684758144, -1.009349705794392316, 0.000000000000000000, 0.038620906106926513, 0.784609375000000053, 1.012529296874999929, 0.093142311906813158
0.467876250872461763, 0.711223933711038869, -1.674585663616928732, 0.000000000000000000, 0.043658826180371132, 0.704609374999999982, 0.962529296874999996, 0.060975956388022536
0.403605904783193581, 0.684013378085859047, -0.618758358584495349, 0.000000000000000000, 0.049607391800374864, 0.684609374999999964, 0.975029296875000062, 0.083781844104029099
0.431028626120561864, 0.651470322294343540, -1.319963885820396143, 0.000000000000000000, 0.044744201984289175, 0.674609374999999956, 0.993779296874999996, 0.134938804141801399
0.192084767390881289, 0.905179008743868474, -0.854324789445074506, 0.000000000000000000, 0.046043720455785940, 0.714609374999999991, 1.018779296875000018, 0.071475017119238121
0.307044274746498036, 0.855704163219136005, -1.129900169925884157, 0.000000000000000000, 0.040061999512243381, 0.774609375000000044, 0.981279296875000040, 0.121377938991930417
0.443279343032086159, 0.554482118892284936, -1.483526222596796895, 0.000000000000000000, 0.039993534158396744, 0.708359375000000013, 0.922685546875000040, 0.088924879019269695
0.201320788096100989, 0.919356356681715225, -1.143419367491155914, 0.000000000000000000, 0.051975497357661993, 0.668359374999999978, 0.947685546875000062, 0.109905007272396119
0.313444362553086997, 0.812959951921139123, -0.876559117173641766, 0.000000000000000000, 0.044754656983799122, 0.728359375000000031, 0.935185546874999996, 0.079988248073721360
0.367877009125293086, 0.666973572702903250, -1.242790134683783521, 0.000000000000000000, 0.032720278814981366, 0.798359374999999982, 0.928935546875000018, 0.115882012369033630
0.296412933034115200, 0.611321886171001472, -0.656665792624343991, 0.000000000000000000, 0.041740223534626891, 0.758359374999999947, 0.953935546875000040, 0.061380926491571251
0.486861629192196832, 0.621563547056007359, -1.552798000857041671, 0.000000000000000000, 0.047602206044529326, 0.678359374999999987, 1.003935546874999973, 0.093760913958048475
0.413194815925874315, 0.754068936563561443, -1.025860771837817875, 0.000000000000000000, 0.054172053079597500, 0.658359374999999969, 0.941435546875000084, 0.128828848969518517
0.322041007201576746, 0.824506364049066742, -1.371014203539451692, 0.000000000000000000, 0.048884531122695522, 0.663359374999999973, 0.975810546875000018, 0.066455550978806760
0.252710400098769550, 0.869545626025642227, -0.956571396445152433, 0.000000000000000000, 0.045604949657702919, 0.703359375000000009, 1.000810546874999929, 0.125462475408782220
0.400554012398886217, 0.564389138221494613, -1.650881932666275365, 0.000000000000000000, 0.033343700939347673, 0.783359374999999969, 0.950810546874999996, 0.082134470062468601
0.462398219193831173, 0.622615924830072220, -0.474374673208071584, 0.000000000000000000, 0.039618553379189292, 0.763359374999999951, 0.988310546874999973, 0.073880250827630903
0.212797449201764355, 0.846189682514378538, -1.194881675493876028, 0.000000000000000000, 0.042114623857918178, 0.723359375000000027, 1.013310546875000107, 0.139479682526630983
0.378107981784523650, 0.722186889190082004, -1.287802136835687783, 0.000000000000000000, 0.038364747483286700, 0.753359375000000053, 0.982060546874999996, 0.107033124820338665
0.117480038278937660, 1.395636815942775888, -0.780361713670683299, 0.000000000000000000, 0.036261889506349274, 0.793359374999999978, 1.007060546875000018, 0.086601219652469225
0.339629222743045411, 0.686704126679794968, -1.087505028182226496, 0.000000000000000000, 0.046383888910930371, 0.693359375000000000, 0.994560546875000062, 0.096276680212065396
0.344147185688971291, 0.748063364276956522, -1.465579681944529922, 0.000000000000000000, 0.037589099962432350, 0.775859375000000018, 0.946123046875000040, 0.127134520472529156
0.274979832357536425, 0.896876833772582982, -1.116087451415683107, 0.000000000000000000, 0.039847623854312224, 0.735859374999999982, 0.921123046875000018, 0.067341207631209432
0.434956348151744332, 0.622557399737891703, -1.728953477263176719, 0.000000000000000000, 0.055043513024464703, 0.655859375000000022, 0.971123046875000062, 0.102865393786585005
0.383439692168250357, 0.634657185479292840, -0.830982382113502061, 0.000000000000000000, 0.046087348628839890, 0.675859375000000040, 0.958623046874999996, 0.114357957800388182
0.473728361618270144, 0.699440206732708569, -1.219234546819917275, 0.000000000000000000, 0.047543376359419770, 0.685859375000000049, 0.952373046875000018, 0.078936260345664991
0.218243729289582244, 0.954378997754064540, -0.576672160388919330, 0.000000000000000000, 0.051097570092068584, 0.645859375000000013, 0.927373046874999996, 0.097559764635340357
0.362945241413579922, 0.632852271833316715, -1.535822071767514618, 0.000000000000000000, 0.044440695719355619, 0.725859374999999973, 0.977373046875000040, 0.063867858031931873
0.326379335327703246, 0.756158176695610140, -0.992327671881657492, 0.000000000000000000, 0.039258146854433136, 0.745859374999999991, 0.964873046874999973, 0.087755358699722869
0.394636926168396518, 0.659638564634149605, -1.428793604100181636, 0.000000000000000000, 0.045063289837489758, 0.730859374999999978, 0.999248046875000018, 0.095010470631031060
0.150573055795022948, 0.963072270494718663, -1.057499625756737061, 0.000000000000000000, 0.035206916220042975, 0.770859375000000013, 0.974248046874999996, 0.076873609457012604
0.353382249681567895, 0.857089425531745275, -0.723099500467408562, 0.000000000000000000, 0.040362064354657536, 0.710859374999999960, 1.011748046874999973, 0.105625448861455973
0.283610538430440040, 0.858351160276898506, -1.265624055861322761, 0.000000000000000000, 0.052317921111843434, 0.670859375000000036, 0.986748046875000062, 0.085462259586421230
0.452355415247099102, 0.591609253308860938, -1.819984632429844540, 0.000000000000000000, 0.038038646215744820, 0.750859374999999996, 0.936748046875000018, 0.130545757872246898
0.300664176138541517, 0.634995884491561191, -1.350945388973369354, 0.000000000000000000, 0.056691645758534616, 0.640859375000000009, 1.005498046875000107, 0.072908594126952081
0.228665154230074025, 0.850307508183659633, -0.918168328595874939, 0.000000000000000000, 0.043431030901739907, 0.680859375000000044, 0.980498046874999973, 0.137645276624954321
0.420010189093584285, 0.693548310086038566, -1.169643998809634322, 0.000000000000000000, 0.033880431961853863, 0.780859375000000022, 1.017998046875000062, 0.065581542286598682
0.394184381085287916, 0.599179266156299128, -1.500928853640009608, 0.000000000000000000, 0.034093655257605174, 0.772226562499999991, 0.935551757812499996, 0.129015530692075525
0.149849305816269512, 1.073396988652723483, -1.169242116741836979, 0.000000000000000000, 0.043795486033761225, 0.732226562499999956, 0.960551757812500018, 0.068337549925026234
0.353015872203779557, 0.771421820574057282, -0.917544519157172389, 0.000000000000000000, 0.053124163250407141, 0.672226562500000013, 0.923051757812500040, 0.116049933248987644
0.283275275841252838, 0.967420388954218113, -1.350628248735591175, 0.000000000000000000, 0.041114865503768694, 0.712226562500000049, 0.948051757812500062, 0.061469871608920736
0.300332086797623965, 0.744200483395665580, -1.265272479653126059, 0.000000000000000000, 0.044246320131982098, 0.682226562500000022, 0.941801757812500084, 0.080104156459569420
0.228268498460409835, 0.741071962008310936, -0.722140331617551867, 0.000000000000000000, 0.057566773620940301, 0.642226562499999987, 0.966801757812499996, 0.099003203550385208
0.372527176469907573, 0.715086344040302357, -1.569311509853926756, 0.000000000000000000, 0.041493934289232051, 0.722226562499999947, 1.016801757812499929, 0.064812810616108690
0.419463868443276544, 0.757752947652289954, -1.057018437015352363, 0.000000000000000000, 0.042146832072671482, 0.742226562499999964, 0.929301757812500018, 0.089053737188276694
0.343792041163958284, 0.788822940100943892, -1.390353516947551160, 0.000000000000000000, 0.039098130088832415, 0.737226562499999960, 0.988676757812499973, 0.096416191638642776
0.274640348037172022, 0.826299038360147065, -0.991787041072225040, 0.000000000000000000, 0.036915490460648945, 0.777226562499999996, 1.013676757812500107, 0.078010987758866529
0.434333139634065946, 0.486420664467528796, -1.666467994992594903, 0.000000000000000000, 0.041553008343242694, 0.697226562500000036, 0.963676757812500062, 0.119163752147759774
0.383017307846204136, 0.677268556013483902, -0.575277548184931264, 0.000000000000000000, 0.044370786462561609, 0.717226562500000053, 0.976176757812500018, 0.107188223063255109
0.472786658838316609, 0.639762807746367623, -1.309049224105428566, 0.000000000000000000, 0.052607625243040641, 0.647226562499999991, 0.994926757812500062, 0.073987308312020217
0.217824392801354461, 1.010970224335818957, -0.830233567734929068, 0.000000000000000000, 0.048885055792806088, 0.687226562500000027, 1.019926757812499973, 0.139681798027965154
0.326039232831101033, 0.690966224901327419, -1.115650875413220167, 0.000000000000000000, 0.036407159816792690, 0.787226562500000004, 0.982426757812499996, 0.066551849570538585
0.321703358414946017, 0.766482869127933286, -1.447055554677051159, 0.000000000000000000, 0.046090926892157623, 0.704726562499999987, 0.958989257812499996, 0.087882522154622236
0.252351287596284279, 0.925075992448991302, -1.087047630652962171, 0.000000000000000000, 0.049428567484905608, 0.664726562499999951, 0.933989257812500084, 0.108616726196807803
0.461572315856672521, 0.568719694666415698, -0.779523154945374719, 0.000000000000000000, 0.040583427029216017, 0.724726562500000004, 0.946489257812500040, 0.079050644330086239
0.377697996925093260, 0.772005431554325328, -1.194494386779924255, 0.000000000000000000, 0.034995907714075236, 0.794726562499999956, 0.965239257812499973, 0.114523670222109270
0.116417030825043677, 1.294361570562317043, -0.472515023111814259, 0.000000000000000000, 0.036960368401437169, 0.754726562500000031, 0.940239257812500062, 0.060661433467880485
0.339278693358419925, 0.734615843853871353, -0.955992958073320409, 0.000000000000000000, 0.050337634184715326, 0.654726562500000053, 0.952739257812500018, 0.127318746998405258
0.442604249404694949, 0.627319809634248604, -1.409609413471067274, 0.000000000000000000, 0.053082584080120149, 0.669726562499999956, 1.012114257812499973, 0.065676574380574032
0.200854359009627836, 0.847690717759270962, -1.025352141993642441, 0.000000000000000000, 0.041014180008739506, 0.709726562499999991, 0.987114257812500062, 0.123991833289947700
0.313110237116304813, 0.943668403404806622, -0.655535291806445874, 0.000000000000000000, 0.033983190656448024, 0.769726562500000044, 0.999614257812500018, 0.073014243615010854
0.243000125066706735, 0.933963252811311651, -1.242427811806023241, 0.000000000000000000, 0.043726363833460243, 0.729726562500000009, 0.974614257812499996, 0.137844733947966369
0.367487668583722060, 0.596211328295079168, -1.330090111454069302, 0.000000000000000000, 0.040796016215157854, 0.759726562500000036, 1.018364257812500062, 0.105778507286622733
0.296080684086953261, 0.753166634579974792, -0.875879812317936102, 0.000000000000000000, 0.031891838229076784, 0.799726562499999960, 0.993364257812500040, 0.085586100185485986
0.485753293556066890, 0.673429266499914969, -1.618568170084942137, 0.000000000000000000, 0.043429636080115026, 0.719726562500000000, 0.943364257812499996, 0.130734927512021204
0.412677702009202951, 0.704352579374595500, -1.143001162296452655, 0.000000000000000000, 0.042730981491457827, 0.699726562499999982, 1.005864257812500107, 0.095148147234216038
0.360142349234800707, 0.705808918902360083, -1.474307470928853281, 0.000000000000000000, 0.037985971421842624, 0.783476562499999973, 0.945708007812500084, 0.068791411845506717
0.289692662074925389, 0.725792833310208718, -1.129473058176682754, 0.000000000000000000, 0.036484610986375954, 0.743476562500000049, 0.920708007812500062, 0.129872383719378315
0.466997209018182757, 0.660745225954557314, -1.736389675217618001, 0.000000000000000000, 0.050584008522299155, 0.663476562499999978, 0.970708007812499996, 0.085021432725485943
0.403124657743575532, 0.737343569823584177, -0.853612798932132932, 0.000000000000000000, 0.049973516888351548, 0.643476562499999960, 0.958208007812500040, 0.061878122036551242
0.430427507859001413, 0.610363502763631161, -1.230738923951369301, 0.000000000000000000, 0.047352313616886285, 0.713476562500000022, 0.951958007812500062, 0.099660730549032295
0.191586254304823123, 0.983463902731693373, -0.617511646629123945, 0.000000000000000000, 0.046199279593941683, 0.673476562499999987, 0.926958007812500040, 0.080636165967213388
0.306711642339819512, 0.802197810794526567, -1.008825713864152984, 0.000000000000000000, 0.037974162424549651, 0.733476562500000040, 0.964458007812500018, 0.110795255809037790
0.391319122105211192, 0.727926204357917550, -1.360721567645867935, 0.000000000000000000, 0.039981617998790173, 0.748476562500000053, 0.998833007812500062, 0.074478692944312683
0.145082056425124589, 1.321248171154500328, -0.937131830664751586, 0.000000000000000000, 0.034338990545038285, 0.788476562499999978, 0.973833007812500040, 0.092050519269297595
0.350682543742319441, 0.624298327674440268, -0.406865435193505931, 0.000000000000000000, 0.046146391831396814, 0.688476562500000000, 1.011333007812500018, 0.082799772705138205
0.281126386254505534, 0.778387552499672952, -1.181985056054549954, 0.000000000000000000, 0.054511765694829316, 0.648476562499999964, 0.986333007812499996, 0.102334799008711660
0.447005926495139483, 0.707653477371446349, -1.766909022254888884, 0.000000000000000000, 0.039239208456141303, 0.728476562500000036, 0.936333007812500062, 0.066993851812216149
0.332609310283152604, 0.841127078624331448, -1.276444725180915007, 0.000000000000000000, 0.049227438409923087, 0.678476562499999991, 1.005083007812499929, 0.133357082689315148
0.263652883055583986, 0.872200540856985174, -0.751795909373241367, 0.000000000000000000, 0.041864645206869319, 0.718476562500000027, 0.980083007812500018, 0.070637203499847229
0.416024400121339122, 0.596685256980114653, -1.577628796249320287, 0.000000000000000000, 0.037189769410150716, 0.798476562499999987, 0.930083007812500084, 0.107900110639349872
0.493141567474289944, 0.576395119843304826, -1.072223456113853057, 0.000000000000000000, 0.034793716902188278, 0.778476562499999969, 1.017583007812500107, 0.119955174864271819
0.456458910823489883, 0.755440666494894608, -1.456213959601047270, 0.000000000000000000, 0.045675625017175973, 0.690976562499999947, 0.922270507812500084, 0.112271830059294517
0.209565623028247883, 0.999019002043460169, -1.101515907440324238, 0.000000000000000000, 0.053939017664142649, 0.650976562500000022, 0.947270507812499996, 0.090839891221246527
0.319546352361381680, 0.733417768004923754, -0.805596149058015687, 0.000000000000000000, 0.039599500136126661, 0.750976562500000000, 0.934770507812500040, 0.100988914390623019
0.250042667903131788, 0.748270882054508868, -1.298326324485593819, 0.000000000000000000, 0.034017374594491577, 0.790976562500000036, 0.959770507812500062, 0.081710808427643597
0.337043081039828496, 0.774565829254408755, -1.206782374986179907, 0.000000000000000000, 0.037205680415350807, 0.760976562500000009, 0.928520507812500062, 0.062702775050673926
0.268079310294126461, 0.944005319963945766, -0.527585662911711273, 0.000000000000000000, 0.043468546630669611, 0.720976562499999973, 0.953520507812500084, 0.118377550964348904
0.423004391097299481, 0.648559620991405961, -1.526985082378621295, 0.000000000000000000, 0.049884912006609813, 0.640976562500000013, 1.003520507812500018, 0.077496298268231623
0.375095155966628013, 0.570424118680039838, -0.974192583076885499, 0.000000000000000000, 0.052920100748308607, 0.660976562500000031, 0.941020507812500018, 0.069708198639563637
