# Omega_m, sigma_8, w, Omega_b, little_h, n_s, m_nu
0.290040483732063259, 0.803448323019350430, -1.000000000000000000, 0.042631172839506182, 0.719999999999999973, 0.969999999999999973, 0.091651513899116785
0.249628758416763685, 0.903013962662911784, -1.000000000000000000, 0.036443905817174514, 0.760000000000000009, 0.994999999999999996, 0.074155855021346792
0.330472835500474904, 0.720563868430519450, -1.000000000000000000, 0.050064878892733561, 0.680000000000000049, 0.945000000000000062, 0.113274939619830983
0.270944069996076120, 0.848044403631622812, -1.000000000000000000, 0.038913543721236024, 0.780000000000000027, 0.932499999999999996, 0.066703457940955391
0.358989733258148092, 0.669601850168770385, -1.000000000000000000, 0.044030612244897960, 0.699999999999999956, 0.982500000000000040, 0.101891215043243805
0.221166852045229789, 0.901528313844002893, -1.000000000000000000, 0.051939853076216715, 0.660000000000000031, 1.007500000000000062, 0.082440865941533242
0.309141104971802250, 0.834890376660772482, -1.000000000000000000, 0.037481738495252014, 0.739999999999999991, 0.957500000000000018, 0.125930502844927683
0.260750903445145232, 0.821159053253201487, -1.000000000000000000, 0.039008256708575717, 0.729999999999999982, 0.926250000000000018, 0.107432403081261521
0.343218885295258624, 0.780056527400057487, -1.000000000000000000, 0.054171597633136087, 0.650000000000000022, 0.976250000000000062, 0.070331017030126855
0.198296789007999796, 0.981368181940220352, -1.000000000000000000, 0.045867464818315482, 0.689999999999999947, 1.001249999999999973, 0.132779028458148735
0.299470078854064348, 0.713924453064802123, -1.000000000000000000, 0.040373587451509527, 0.770000000000000018, 0.951250000000000040, 0.086924278373166033
0.236900999320878325, 0.975318470874798504, -1.000000000000000000, 0.046444157905177544, 0.709999999999999964, 0.938750000000000084, 0.096635832441873001
0.319340313348803695, 0.758079524449256192, -1.000000000000000000, 0.034149174811728897, 0.790000000000000036, 0.988750000000000018, 0.063263002429993179
0.280611894619271773, 0.770971054290865321, -1.000000000000000000, 0.039755555555555558, 0.750000000000000000, 1.013749999999999929, 0.119435213007111643
0.381964429914882331, 0.721783486938269547, -1.000000000000000000, 0.045138115393183340, 0.670000000000000040, 0.963749999999999996, 0.078188700606894784
0.285340593711051582, 0.861817079193519131, -1.000000000000000000, 0.045700356971602109, 0.685000000000000053, 0.973125000000000018, 0.084652895877380924
0.401592788662114064, 0.665418068887095426, -1.000000000000000000, 0.040230253321372124, 0.765000000000000013, 0.923125000000000084, 0.129309434385104449
0.243526723534912587, 0.803683980054664904, -1.000000000000000000, 0.038799048751486327, 0.724999999999999978, 0.948124999999999996, 0.068493226208244024
0.324756758458747186, 0.770689748336885749, -1.000000000000000000, 0.054068265128297578, 0.645000000000000018, 0.998125000000000040, 0.104625131230337134
0.211161352828574123, 0.936956393477882066, -1.000000000000000000, 0.041473357055988466, 0.744999999999999996, 0.985624999999999973, 0.076145583893699201
0.304259212330578011, 0.876924337953689292, -1.000000000000000000, 0.047303408898185316, 0.665000000000000036, 0.935625000000000040, 0.116314300676495591
0.265934446948740633, 0.869828167245302875, -1.000000000000000000, 0.048425632513455059, 0.704999999999999960, 0.960625000000000062, 0.061609902984825347
0.350580424256438317, 0.694880137393750208, -1.000000000000000000, 0.035650533490202439, 0.785000000000000031, 1.010625000000000107, 0.094110681328949286
0.229554219922281255, 0.907600197155905564, -1.000000000000000000, 0.036139438085327782, 0.775000000000000022, 0.979374999999999996, 0.122639864772334989
0.314153328221641492, 0.680984569387409477, -1.000000000000000000, 0.049285751255111018, 0.694999999999999951, 0.929375000000000062, 0.080286637648339043
0.275824060499137824, 0.793695020538650597, -1.000000000000000000, 0.048146961132801119, 0.655000000000000027, 0.954374999999999973, 0.099228737693360602
0.369031017649578685, 0.747289807637450565, -1.000000000000000000, 0.042123652181961221, 0.734999999999999987, 1.004375000000000018, 0.064960457370677502
0.255338955861398154, 0.801567868888578672, -1.000000000000000000, 0.048792866941015089, 0.675000000000000044, 0.991875000000000062, 0.136341717695431797
0.336582644771294182, 0.764820403283002381, -1.000000000000000000, 0.035316433489759221, 0.755000000000000004, 0.941875000000000018, 0.089256605959945196
0.178860531703580405, 1.108472283346676246, -1.000000000000000000, 0.036835963767256043, 0.795000000000000040, 0.966875000000000040, 0.110314998854386240
0.294740622548743780, 0.785051090054369460, -1.000000000000000000, 0.041432343879896326, 0.714999999999999969, 1.016874999999999973, 0.072218118934170253
0.252526301318123481, 0.876194278809477534, -1.000000000000000000, 0.040071301641262234, 0.752499999999999947, 0.946562500000000084, 0.097923703305962451
0.333471370019904567, 0.690979057400452623, -1.000000000000000000, 0.045528668758032645, 0.672499999999999987, 0.996562500000000018, 0.064106111818567207
0.161899703620741908, 1.050874579351375404, -1.000000000000000000, 0.046765158510310864, 0.712500000000000022, 0.971562499999999996, 0.121026932425172221
0.292388720148469561, 0.854786235074744383, -1.000000000000000000, 0.034456507677457233, 0.792499999999999982, 0.921562500000000062, 0.079230725566665272
0.225518085662852252, 0.869382633842689545, -1.000000000000000000, 0.044031591705873917, 0.692500000000000004, 0.959062500000000040, 0.108864160414864408
0.311628342570094363, 0.805834400172163567, -1.000000000000000000, 0.038903027827525895, 0.772499999999999964, 1.009062499999999973, 0.071268322224133054
0.273397798757011645, 0.940336329794336234, -1.000000000000000000, 0.037397057624433599, 0.732500000000000040, 0.984062500000000062, 0.134548581612422113
0.363752177885017347, 0.715659269530153130, -1.000000000000000000, 0.052061772434344768, 0.652499999999999969, 0.934062500000000018, 0.088082722841123978
0.205215802415367299, 1.005379069354053634, -1.000000000000000000, 0.051100035599857603, 0.662499999999999978, 0.952812500000000062, 0.067592418462590537
0.301855200662391243, 0.760979619177518218, -1.000000000000000000, 0.036872654717772561, 0.742500000000000049, 1.002812500000000107, 0.103249124669983913
0.263367532177323005, 0.753717990329990206, -1.000000000000000000, 0.038343761802202739, 0.782499999999999973, 0.977812499999999973, 0.083539559734234506
0.346792748906694537, 0.740248177501322102, -1.000000000000000000, 0.043318853611276451, 0.702500000000000013, 0.927812500000000040, 0.127608785335138197
0.282981695340514539, 0.803260497373991966, -1.000000000000000000, 0.037672668637463047, 0.762499999999999956, 0.965312500000000018, 0.060799623182134270
0.390442879032432244, 0.754618312242375855, -1.000000000000000000, 0.051530276805002079, 0.682499999999999996, 1.015312500000000062, 0.092872958485640755
0.240289666820763720, 0.907579581966616256, -1.000000000000000000, 0.050515526351648021, 0.642499999999999960, 0.990312500000000040, 0.075144134034114449
0.322015908599308287, 0.716823553987353201, -1.000000000000000000, 0.043970977358987556, 0.722500000000000031, 0.940312499999999996, 0.114784560747745595
0.246633831658968905, 0.836760639865917089, -1.000000000000000000, 0.037946757598687118, 0.797499999999999987, 0.999687500000000062, 0.138158750998119723
0.327572153601630389, 0.790687683889155002, -1.000000000000000000, 0.042801296604305011, 0.717500000000000027, 0.949687500000000018, 0.090446133481348459
0.287692309347761799, 0.808720811301253839, -1.000000000000000000, 0.050292071186394519, 0.677499999999999991, 0.924687499999999996, 0.111785172694737672
0.418902561935050599, 0.577408684785447712, -1.000000000000000000, 0.036570488732041523, 0.757499999999999951, 0.974687500000000040, 0.073180573635335158
0.268458037617676726, 0.900122988917394395, -1.000000000000000000, 0.047326114299758568, 0.657499999999999973, 1.012187500000000018, 0.124274292754431220
0.354626349405454178, 0.713840347614890791, -1.000000000000000000, 0.041476587187589772, 0.737500000000000044, 0.962187499999999973, 0.081356621926326173
0.216419867072015604, 0.866688282289973633, -1.000000000000000000, 0.035581724754706834, 0.777499999999999969, 0.937187500000000062, 0.100551164343252800
0.306686344773606068, 0.799148787323264775, -1.000000000000000000, 0.048528410477768777, 0.697500000000000009, 0.987187499999999996, 0.065826188831271518
0.278227351631159414, 0.746716788993038283, -1.000000000000000000, 0.046641860929715694, 0.707500000000000018, 1.005937499999999929, 0.077160380128675057
0.375004505471210170, 0.715406840548591050, -1.000000000000000000, 0.034260519022423781, 0.787499999999999978, 0.955937499999999996, 0.117864427530406629
0.233333849989363629, 0.949449771404274778, -1.000000000000000000, 0.039904475341439136, 0.747500000000000053, 0.930937500000000084, 0.062430981429420537
0.316721847251439204, 0.747202590526364729, -1.000000000000000000, 0.045329573987571717, 0.667499999999999982, 0.980937500000000018, 0.095364899370233985
0.189884363627980557, 1.026507590339823750, -1.000000000000000000, 0.039152820585491431, 0.727500000000000036, 1.018437500000000107, 0.085781069510353497
0.297099834434745635, 0.752118251530827675, -1.000000000000000000, 0.054434191499828560, 0.647499999999999964, 0.968437500000000062, 0.131032748075154470
0.258077407851725726, 0.845401545911681818, -1.000000000000000000, 0.046062809917355368, 0.687500000000000000, 0.943437500000000040, 0.069406039066498670
0.339824544118494609, 0.820995111822714119, -1.000000000000000000, 0.040525628919139724, 0.767499999999999960, 0.993437499999999973, 0.106019475903097488
0.274614074832426280, 0.818520443707300260, -1.000000000000000000, 0.052082293534718653, 0.673749999999999960, 0.959843749999999996, 0.118647220818927715
0.366317757492500840, 0.787359779496430767, -1.000000000000000000, 0.037917103262020468, 0.753750000000000031, 1.009843749999999929, 0.077672838628410928
0.227571467528250776, 0.936376915123371512, -1.000000000000000000, 0.035858391716783435, 0.793749999999999956, 0.984843750000000018, 0.095998262673748475
0.312885768590164204, 0.731529935435792367, -1.000000000000000000, 0.040225002377001669, 0.713749999999999996, 0.934843750000000084, 0.062845615040958036
0.171553763456882280, 1.105290014857066572, -1.000000000000000000, 0.035105347360509027, 0.773750000000000049, 0.947343750000000040, 0.131902998395109883
0.293563986769256602, 0.775016580542512656, -1.000000000000000000, 0.048031815599383167, 0.693749999999999978, 0.997343749999999973, 0.086350782076747110
0.253942534189669611, 0.778580968308498544, -1.000000000000000000, 0.051632550844700205, 0.653750000000000053, 0.972343750000000062, 0.106723601277719557
0.335011876767685068, 0.755961806910974143, -1.000000000000000000, 0.044887961482315587, 0.733750000000000013, 0.922343750000000018, 0.069866997327633670
0.241925688261763361, 0.817742830917684627, -1.000000000000000000, 0.043214462255490430, 0.743750000000000022, 0.966093749999999973, 0.091046828939217783
0.323377626331349588, 0.777248782923767090, -1.000000000000000000, 0.049492660332457326, 0.663749999999999951, 1.016093750000000018, 0.139076328466553795
0.284162272531964966, 0.872806375167619608, -1.000000000000000000, 0.046146468582101086, 0.703749999999999987, 0.991093749999999996, 0.073666600361906934
0.395563201494672778, 0.675005293386327088, -1.000000000000000000, 0.033787891506350330, 0.783749999999999947, 0.941093750000000062, 0.112527590782833267
0.264656788332335913, 0.842138869726859141, -1.000000000000000000, 0.043270757229896158, 0.683749999999999969, 0.953593750000000018, 0.081896949648227191
0.348657364257462798, 0.620678060721463920, -1.000000000000000000, 0.038280728916937436, 0.763750000000000040, 1.003593750000000062, 0.125099656982996049
0.208288856502807457, 0.909090162436297811, -1.000000000000000000, 0.040624505952434213, 0.723750000000000004, 0.978593750000000040, 0.066263371617509073
0.303054586588866637, 0.820794483151781606, -1.000000000000000000, 0.056416250353473467, 0.643750000000000044, 0.928593749999999996, 0.101218972080074576
0.218849031262136062, 0.949738966482756464, -1.000000000000000000, 0.042970132325141776, 0.718750000000000000, 1.012968749999999973, 0.103934850834619050
0.307909977184725903, 0.731523534564199385, -1.000000000000000000, 0.031502175984090948, 0.798749999999999960, 0.962968750000000040, 0.068041331613369394
0.269705409371011728, 0.821738241119650548, -1.000000000000000000, 0.040382793819497408, 0.758750000000000036, 0.937968750000000018, 0.128456295502621914
0.356763902480789874, 0.787068400382170741, -1.000000000000000000, 0.045904852992548727, 0.678749999999999964, 0.987968750000000062, 0.084094385376340064
0.288866613553928564, 0.715314784711288731, -1.000000000000000000, 0.039713010441449724, 0.738750000000000018, 1.000468750000000018, 0.093489771633686616
0.434433072607079085, 0.660561352080804687, -1.000000000000000000, 0.054783620003672644, 0.658749999999999947, 0.950468750000000084, 0.061203422173643461
0.248144332104332177, 0.912785180194946255, -1.000000000000000000, 0.042239368153583735, 0.698749999999999982, 0.925468750000000062, 0.115546899187441404
0.329011096215716725, 0.727813990657761645, -1.000000000000000000, 0.037469501119473163, 0.778750000000000053, 0.975468749999999996, 0.075643201691983103
0.259421745332674591, 0.956389609378448302, -1.000000000000000000, 0.036947365512945765, 0.788749999999999951, 1.019218750000000062, 0.064531870761585092
0.341501109391806612, 0.737687525459138516, -1.000000000000000000, 0.041578405481991605, 0.708749999999999991, 0.969218750000000018, 0.098574060834023730
0.194325471174084941, 0.934965879940694911, -1.000000000000000000, 0.053744431828107259, 0.668749999999999956, 0.944218749999999996, 0.079756934207539903
0.298283340645281503, 0.822477581454397644, -1.000000000000000000, 0.039127538663493132, 0.748750000000000027, 0.994218750000000040, 0.121830729401221458
0.235141664797002908, 0.870800599754582572, -1.000000000000000000, 0.050872249509023207, 0.648750000000000049, 1.006718750000000107, 0.071741648786609366
0.318024407900585393, 0.817942301604994149, -1.000000000000000000, 0.044270335315352953, 0.728750000000000009, 0.956718750000000062, 0.109587178681858063
0.279421711821059682, 0.831907511498450214, -1.000000000000000000, 0.034453037213298961, 0.768750000000000044, 0.931718750000000040, 0.088667721773536420
0.378335945753807690, 0.646809733640841267, -1.000000000000000000, 0.047348328892197325, 0.688749999999999973, 0.981718749999999973, 0.135442182242171610
0.223386263544168046, 1.000874474894723365, -1.000000000000000000, 0.042294302989526293, 0.721249999999999947, 0.933281250000000062, 0.080819859099678357
0.310380345560232362, 0.767967483124415762, -1.000000000000000000, 0.058612526551379530, 0.641249999999999987, 0.983281249999999996, 0.123454373993313909
0.272174661219873437, 0.781285812191277906, -1.000000000000000000, 0.045144348118845212, 0.681250000000000022, 1.008281250000000018, 0.065391890425709392
0.361314791730289075, 0.741122301360090274, -1.000000000000000000, 0.039778257716086833, 0.761249999999999982, 0.958281249999999973, 0.099887762570690430
0.251088874399912787, 0.835596513084668979, -1.000000000000000000, 0.045808827501183591, 0.701250000000000040, 0.920781249999999996, 0.089849401204155646
0.331959002001470660, 0.791813460963177285, -1.000000000000000000, 0.033466880000000004, 0.781250000000000000, 0.970781250000000040, 0.137247227388166582
0.146993095151066760, 1.138419213788984363, -1.000000000000000000, 0.042909264636043325, 0.741249999999999964, 0.995781250000000062, 0.072697753544847865
0.291214369407834628, 0.720578873273231446, -1.000000000000000000, 0.049117177254226506, 0.661250000000000004, 0.945781250000000018, 0.111047652824169854
0.281798394434291388, 0.848651170789593179, -1.000000000000000000, 0.050018236007088088, 0.651249999999999996, 0.939531250000000040, 0.130168239365538424
0.385964341650304910, 0.665662823449329810, -1.000000000000000000, 0.043599970779457958, 0.731249999999999956, 0.989531249999999973, 0.085215115710244344
0.238615822933886307, 0.884706053870644382, -1.000000000000000000, 0.033899061963965339, 0.771249999999999991, 1.014531250000000107, 0.105319996103936192
0.320670486435242652, 0.881001458706740737, -1.000000000000000000, 0.046594442936604218, 0.691250000000000031, 0.964531250000000062, 0.068948122048391680
0.201902681822054841, 0.890500992075928144, -1.000000000000000000, 0.036399801342188079, 0.791250000000000009, 0.927031250000000084, 0.117086798841008297
0.300660533800832797, 0.804019391621441537, -1.000000000000000000, 0.040897452132900504, 0.711250000000000049, 0.977031250000000018, 0.076651302652712611
0.262065859388057043, 0.904793895157436356, -1.000000000000000000, 0.052907906189638969, 0.671250000000000013, 1.002031249999999929, 0.094735714778532237
0.344981431028540786, 0.720877107066159928, -1.000000000000000000, 0.038518719494132075, 0.751249999999999973, 0.952031249999999996, 0.062019083426910065
0.267201284239968251, 0.794530317220910165, -1.000000000000000000, 0.035013532249866280, 0.766249999999999987, 0.986406250000000040, 0.070798118506455149
0.352567821396866543, 0.754377966689439017, -1.000000000000000000, 0.048111983702774710, 0.686250000000000027, 0.936406249999999996, 0.108145912372094921
0.213863708670169406, 1.039978008160300282, -1.000000000000000000, 0.051738006427499823, 0.646249999999999991, 0.961406250000000018, 0.087501583529147012
0.305469613969840070, 0.778035068798905605, -1.000000000000000000, 0.044948912937217270, 0.726249999999999951, 1.011406250000000062, 0.133660876650272431
0.245095331784892789, 0.886026361190947020, -1.000000000000000000, 0.052226590962691270, 0.666250000000000009, 0.973906249999999973, 0.063683161885662004
0.326154504406825696, 0.692148513250247399, -1.000000000000000000, 0.037858191010889178, 0.746249999999999969, 0.923906250000000040, 0.097277636611724269
0.286517120423238403, 0.786702154308197343, -1.000000000000000000, 0.035802659481701853, 0.786250000000000004, 0.948906250000000062, 0.078707988668235154
0.409019891415553505, 0.718447085939822205, -1.000000000000000000, 0.040162894510141753, 0.706250000000000044, 0.998906249999999996, 0.120228438623304693
0.184815300060831633, 0.990113853561272239, -1.000000000000000000, 0.041866371849707817, 0.696250000000000036, 0.992656250000000018, 0.092260214857211323
0.295919084461150783, 0.859497465778666592, -1.000000000000000000, 0.037166691300976815, 0.776249999999999996, 0.942656250000000084, 0.060398488316580047
0.256716849222769550, 0.874603089314420878, -1.000000000000000000, 0.039377841064680438, 0.736249999999999960, 0.967656249999999996, 0.114027251953161185
0.338186008218115397, 0.694937875246351533, -1.000000000000000000, 0.054439909297052155, 0.656250000000000000, 1.017656249999999929, 0.074648359051880331
0.277028307776475635, 0.861135131538879661, -1.000000000000000000, 0.041912437675022195, 0.756249999999999978, 0.980156250000000062, 0.102567922689191779
0.371916284472935121, 0.682466467922073550, -1.000000000000000000, 0.047823398170704627, 0.676250000000000018, 0.930156250000000018, 0.067146467085371420
0.231473068576439789, 0.786239357361828595, -1.000000000000000000, 0.044677747015950460, 0.716250000000000053, 0.955156250000000040, 0.126766866746340245
0.315431761430251478, 0.773298727831145949, -1.000000000000000000, 0.032838881235382693, 0.796250000000000013, 1.005156249999999973, 0.082988394639640653
0.264013660084771007, 0.884210607006412408, -1.000000000000000000, 0.042630060568763110, 0.714374999999999982, 0.966484375000000062, 0.133219222879011112
0.347718088584312690, 0.707432900488959682, -1.000000000000000000, 0.037803918558461748, 0.794375000000000053, 1.016484375000000107, 0.087212453266608730
0.206779616565491459, 0.842553800831123190, -1.000000000000000000, 0.036384004107495010, 0.754375000000000018, 0.991484374999999973, 0.107788567341577046
0.302454271534119079, 0.791181304966884769, -1.000000000000000000, 0.050145974931307173, 0.674374999999999947, 0.941484375000000040, 0.070564181270517404
0.241112221109435088, 0.868538193786071666, -1.000000000000000000, 0.041313173381620640, 0.734375000000000000, 0.953984374999999996, 0.119831169469745438
0.322694662379692354, 0.826394057446335095, -1.000000000000000000, 0.047127874337831561, 0.654375000000000040, 1.003984374999999929, 0.078447914958598514
0.283572295009480335, 0.833793516982486493, -1.000000000000000000, 0.048387737063535337, 0.694374999999999964, 0.978984375000000018, 0.096956203473279601
0.392909399073118337, 0.646885341939951286, -1.000000000000000000, 0.035404375290286560, 0.774375000000000036, 0.928984375000000084, 0.063472734501692024
0.167123224715107488, 1.075011826360273037, -1.000000000000000000, 0.034934048665894189, 0.784375000000000044, 0.960234374999999973, 0.074401699519787035
0.292976210716004659, 0.733890539692269694, -1.000000000000000000, 0.047552650163880987, 0.704374999999999973, 1.010234375000000018, 0.113650473294261214
0.253236978104226129, 0.838537879935217223, -1.000000000000000000, 0.046314544912294059, 0.664375000000000049, 0.985234374999999996, 0.060198914433690590
0.334237978025612836, 0.797064665328062749, -1.000000000000000000, 0.040684365881531015, 0.744375000000000009, 0.935234375000000062, 0.091955360715518963
0.274006758316280186, 0.786689942682816445, -1.000000000000000000, 0.055556130469509232, 0.644375000000000031, 0.947734375000000018, 0.082714177244228637
0.365017822556089666, 0.742970683981755808, -1.000000000000000000, 0.039960365701591852, 0.724374999999999991, 0.997734375000000062, 0.126347992755890509
0.226554065379125008, 1.019615607709686289, -1.000000000000000000, 0.041278868030238100, 0.764375000000000027, 0.972734375000000040, 0.066924595950314247
0.312255833704244090, 0.770978812480625830, -1.000000000000000000, 0.047009862179687660, 0.684374999999999956, 0.922734374999999996, 0.102229008932216689
0.234244084669405356, 0.808980209615494994, -1.000000000000000000, 0.045145057123198051, 0.679374999999999951, 1.019609374999999929, 0.099557704829429050
0.317371515025698991, 0.776203814054239993, -1.000000000000000000, 0.039775779437416385, 0.759375000000000022, 0.969609374999999996, 0.065175816913847037
0.278825085245547111, 0.866215058100011648, -1.000000000000000000, 0.034251495102519132, 0.799374999999999947, 0.944609375000000084, 0.123046445426486364
0.376636841371403908, 0.683739731197117728, -1.000000000000000000, 0.046351112355742484, 0.719374999999999987, 0.994609375000000018, 0.080552807166018092
0.258751537530559683, 0.877549886775824572, -1.000000000000000000, 0.038624856833626042, 0.779375000000000040, 1.007109374999999973, 0.110680719613131265
0.340657882434850845, 0.700408883650298963, -1.000000000000000000, 0.043673297603103754, 0.699374999999999969, 0.957109375000000040, 0.072457539371336782
0.192171896412491494, 0.977848632981442534, -1.000000000000000000, 0.051547808899171176, 0.659375000000000044, 0.932109375000000018, 0.136793723288161667
0.297691213469130078, 0.871689778587407038, -1.000000000000000000, 0.037154990142830704, 0.739375000000000004, 0.982109375000000062, 0.089552513080406307
0.288279543831027663, 0.772120015055985487, -1.000000000000000000, 0.035702534987106994, 0.749375000000000013, 1.013359375000000062, 0.068720297729958274
0.425544002199423010, 0.692141376624123117, -1.000000000000000000, 0.049433280937647386, 0.669375000000000053, 0.963359375000000018, 0.104971988709145286
0.247392457451762249, 0.870488601424095454, -1.000000000000000000, 0.041929010848260201, 0.709374999999999978, 0.938359374999999996, 0.084933540591442910
0.328288872084921302, 0.628051918996256897, -1.000000000000000000, 0.037231164848364029, 0.789375000000000049, 0.988359375000000040, 0.129738126266963849
0.217649273170374996, 0.996140306640109552, -1.000000000000000000, 0.049920722269850046, 0.689374999999999960, 1.000859375000000107, 0.061814154634191348
0.307297261693904533, 0.765329512257893141, -1.000000000000000000, 0.036531229192251879, 0.769375000000000031, 0.950859375000000062, 0.094422680876962387
0.269082853583064385, 0.774409756896420332, -1.000000000000000000, 0.042621682090096917, 0.729374999999999996, 0.925859375000000040, 0.076398024822003432
0.355684704868664159, 0.740634174365024989, -1.000000000000000000, 0.048790157857049564, 0.649375000000000036, 0.975859374999999973, 0.116699910563982018
0.200140300228039025, 0.940621817152063611, -1.000000000000000000, 0.040306576013771557, 0.761874999999999969, 0.939921875000000018, 0.083816513471156109
0.300064811048862401, 0.838018432364834975, -1.000000000000000000, 0.045802629799181878, 0.681875000000000009, 0.989921875000000062, 0.128031839156286298
0.261410097955492693, 0.857395837784052706, -1.000000000000000000, 0.054237628812709236, 0.641874999999999973, 1.014921874999999973, 0.067816503589928287
0.344094323029428661, 0.672681217607923765, -1.000000000000000000, 0.038852345345851837, 0.721875000000000044, 0.964921875000000040, 0.103591420356030278
0.281205574420206272, 0.904649999803710858, -1.000000000000000000, 0.047414089048320923, 0.661874999999999991, 0.927421875000000062, 0.075393254915223903
0.383912223814758702, 0.693577293077027091, -1.000000000000000000, 0.041555208098971654, 0.741874999999999951, 0.977421874999999996, 0.115165099179371649
0.237763744837688362, 0.841517427818042729, -1.000000000000000000, 0.035694545882079307, 0.781874999999999987, 1.002421875000000018, 0.061001188559032221
0.320003556542548251, 0.791280235004509613, -1.000000000000000000, 0.048558077722421732, 0.701875000000000027, 0.952421875000000084, 0.093180854684679765
0.250361750732458699, 0.751833509938411249, -1.000000000000000000, 0.050520258289002640, 0.691875000000000018, 0.933671875000000040, 0.121428165820583259
0.331212758034485799, 0.754184957367415421, -1.000000000000000000, 0.037066006654755852, 0.771874999999999978, 0.983671874999999973, 0.079493394481781762
0.134053503810898728, 1.236959184628670716, -1.000000000000000000, 0.043188615276235180, 0.731875000000000053, 1.008671875000000107, 0.098248343939095678
0.290627396549883510, 0.771434088498412662, -1.000000000000000000, 0.049497678446181408, 0.651874999999999982, 0.958671875000000062, 0.064318639000708805
0.222288138993728568, 0.939286170873335546, -1.000000000000000000, 0.036278104959269884, 0.751874999999999960, 0.921171875000000084, 0.134994642527677289
0.309759671584809049, 0.725287362763469501, -1.000000000000000000, 0.050083720930232556, 0.671875000000000000, 0.971171875000000018, 0.088374738256655136
0.271560335221935290, 0.816277179052753654, -1.000000000000000000, 0.042541514397747358, 0.711875000000000036, 0.996171875000000040, 0.109225071295166481
0.360139096942634795, 0.778114436152638089, -1.000000000000000000, 0.037729031968698465, 0.791874999999999996, 0.946171874999999996, 0.071504593856721255
0.276426867623619787, 0.829643099356298208, -1.000000000000000000, 0.042542746432899174, 0.726875000000000049, 0.993046874999999996, 0.062637955151350219
0.370450397194416248, 0.637251224571735997, -1.000000000000000000, 0.048697519195313774, 0.646874999999999978, 0.943046875000000062, 0.095681056952770474
0.230521248569113379, 0.871438866225649700, -1.000000000000000000, 0.049867486448512625, 0.686875000000000013, 0.968046874999999973, 0.077416185350619199
0.314791137900837292, 0.812431815364177412, -1.000000000000000000, 0.036435033798751133, 0.766874999999999973, 1.018046875000000018, 0.118255176461314615
0.181970828871123091, 0.954541472696024296, -1.000000000000000000, 0.043933484526185521, 0.706875000000000031, 0.980546875000000040, 0.069636136782425695
0.295329596498889513, 0.819197089680566259, -1.000000000000000000, 0.038845964338730957, 0.786874999999999991, 0.930546874999999996, 0.106370955969921452
0.256030142004172845, 0.933357226075027024, -1.000000000000000000, 0.037471332784790180, 0.746874999999999956, 0.955546875000000018, 0.086065454391403950
0.337380097094911735, 0.736128067966904887, -1.000000000000000000, 0.051722941547964009, 0.666874999999999996, 1.005546875000000062, 0.131467153156459376
0.244314930872160496, 0.936088941935290242, -1.000000000000000000, 0.052701382671208878, 0.656874999999999987, 0.986796875000000018, 0.112155767433430698
0.325453226344290691, 0.741690717961890122, -1.000000000000000000, 0.038011828428082338, 0.736874999999999947, 0.936796875000000084, 0.073423184841365577
0.285929052733870703, 0.747271702866104115, -1.000000000000000000, 0.039417520091595798, 0.776874999999999982, 0.961796874999999996, 0.138616780493356268
0.405086217452158004, 0.692237588569508122, -1.000000000000000000, 0.044662872770415654, 0.696875000000000022, 1.011796874999999929, 0.090745984171697602
0.266569171307297903, 0.836515556630424761, -1.000000000000000000, 0.033329950019223377, 0.796875000000000000, 0.974296875000000062, 0.100884515641790642
0.351565679290204269, 0.834419600075888890, -1.000000000000000000, 0.045270289272876671, 0.716875000000000040, 0.924296875000000018, 0.066044418482494580
0.212532173748829850, 0.976490301977092967, -1.000000000000000000, 0.043903557796176794, 0.676875000000000004, 0.949296875000000040, 0.124686291930523663
0.304863657009207589, 0.748365445499695747, -1.000000000000000000, 0.038778851445018518, 0.756874999999999964, 0.999296874999999973, 0.081626338699283749
0.239457661918803466, 0.918620284004989407, -1.000000000000000000, 0.049583403953551715, 0.680625000000000036, 0.926640624999999996, 0.073910822863455294
0.321341227582547628, 0.727695730903333282, -1.000000000000000000, 0.036072106402788760, 0.760624999999999996, 0.976640625000000040, 0.112900646816085540
0.282390414859806593, 0.811734442373095444, -1.000000000000000000, 0.046253636014198789, 0.720624999999999960, 1.001640625000000062, 0.091348671079513930
0.388135284265998082, 0.785234910911209227, -1.000000000000000000, 0.053410113027959547, 0.640625000000000000, 0.951640625000000018, 0.139537399951832009
0.262718300851273956, 0.777353627849229345, -1.000000000000000000, 0.039003720913671241, 0.740624999999999978, 0.939140625000000062, 0.066483050634837865
0.345880723928342904, 0.748196988294171361, -1.000000000000000000, 0.053834015514894175, 0.660625000000000018, 0.989140624999999996, 0.101554537321908805
0.203592173001276300, 1.023318955849240597, -1.000000000000000000, 0.041445408831957575, 0.700625000000000053, 1.014140625000000018, 0.082168457737564954
0.301257309344594104, 0.769857936359637951, -1.000000000000000000, 0.036832027671777130, 0.780625000000000013, 0.964140624999999973, 0.125514392440057104
0.272787124162773675, 0.901428685285295517, -1.000000000000000000, 0.037352108710909569, 0.770625000000000004, 0.920390625000000018, 0.096316520007999007
0.362518525678308667, 0.709238380969179349, -1.000000000000000000, 0.042103970025183762, 0.690625000000000044, 0.970390625000000062, 0.063053963373054855
0.224462516643333859, 0.857683965108064217, -1.000000000000000000, 0.054881464194721508, 0.650625000000000009, 0.995390624999999973, 0.119040564897897036
0.311003208188902980, 0.797225912233892720, -1.000000000000000000, 0.039586963187153740, 0.730624999999999969, 0.945390625000000040, 0.077930342773559480
0.155474963240228942, 1.059546213663134173, -1.000000000000000000, 0.048154784601100120, 0.670625000000000027, 0.932890625000000084, 0.107077415689545902
0.291801458512517542, 0.842427283191609755, -1.000000000000000000, 0.042164418909859322, 0.750624999999999987, 0.982890625000000018, 0.070098623231085136
0.251810327769419029, 0.868173742984141850, -1.000000000000000000, 0.032966614069896420, 0.790625000000000022, 1.007890624999999929, 0.132340288565574171
0.332711793808638800, 0.668627886387861858, -1.000000000000000000, 0.044965496542692468, 0.710624999999999951, 0.957890624999999996, 0.086637055692006082
0.257399224005965876, 0.837332124383210585, -1.000000000000000000, 0.057309184144902631, 0.645625000000000004, 0.979765624999999973, 0.080021347630886405
0.339000708095346992, 0.800044615876300158, -1.000000000000000000, 0.041380763412692582, 0.725624999999999964, 0.929765625000000040, 0.122234627576970761
0.187441296149054110, 1.021555323238398927, -1.000000000000000000, 0.038961099541857558, 0.765625000000000000, 0.954765625000000062, 0.064745809437044027
0.296509144341179032, 0.739555946972609068, -1.000000000000000000, 0.044116339498873614, 0.685625000000000040, 1.004765625000000107, 0.098900857558813476
0.232410383210045896, 0.937988544223483767, -1.000000000000000000, 0.032749617258705267, 0.785625000000000018, 0.992265625000000040, 0.088961676601256756
0.316075297439029790, 0.738567081867755881, -1.000000000000000000, 0.044814186896545774, 0.705624999999999947, 0.942265624999999996, 0.135891205658480313
0.277628447311073001, 0.703424325754221647, -1.000000000000000000, 0.047992241398311632, 0.665625000000000022, 0.967265625000000018, 0.071979489610616329
0.373432767567614010, 0.709394507482927317, -1.000000000000000000, 0.042023567204333187, 0.745624999999999982, 1.017265625000000062, 0.109950486541645631
0.215158767262554507, 0.882986848512661404, -1.000000000000000000, 0.043658943110264775, 0.735624999999999973, 0.973515624999999996, 0.128882159023853554
0.306077152922284101, 0.807963899350262582, -1.000000000000000000, 0.050078107889760186, 0.655625000000000013, 0.923515625000000062, 0.084373178493734977
0.267830876742367052, 0.922735353790149926, -1.000000000000000000, 0.046654380275902935, 0.695625000000000049, 0.948515625000000084, 0.104279419867860448
0.353587729138383322, 0.721798783019258372, -1.000000000000000000, 0.034035872139192687, 0.775625000000000009, 0.998515625000000018, 0.068266904995793201
0.287104853722045972, 0.817109403461343753, -1.000000000000000000, 0.041007608550561583, 0.715624999999999956, 0.986015625000000062, 0.115929964954384360
0.413543560271109834, 0.611323074737325500, -1.000000000000000000, 0.036493021723153364, 0.795625000000000027, 0.936015625000000018, 0.075893977102434867
0.245868208871007299, 0.847460690959168095, -1.000000000000000000, 0.038619917752231843, 0.755624999999999991, 0.961015625000000040, 0.093799712716692935
0.326860756709960787, 0.801465154157224857, -1.000000000000000000, 0.052907807123462103, 0.675625000000000031, 1.011015624999999973, 0.061406326241336733
0.284751686147475258, 0.758197922949471192, -1.000000000000000000, 0.032237492090282864, 0.793124999999999969, 0.953203125000000040, 0.105669157226958063
0.398441205272944965, 0.702488375662839282, -1.000000000000000000, 0.044005558111686091, 0.713125000000000009, 1.003203124999999973, 0.069176701659246470
0.242730413188332550, 0.950246841744045945, -1.000000000000000000, 0.047073570882355739, 0.673124999999999973, 0.978203125000000062, 0.130599778392503446
0.324064942624722963, 0.748204690138701944, -1.000000000000000000, 0.041306451335204282, 0.753125000000000044, 0.928203125000000018, 0.085497624318300700
0.209748096298228409, 0.948898134660051240, -1.000000000000000000, 0.056154392069778625, 0.653124999999999956, 0.965703124999999996, 0.095049786462789651
0.303656211358096229, 0.689741832962966983, -1.000000000000000000, 0.040660528268537111, 0.733125000000000027, 1.015703124999999929, 0.062224691607874645
0.265297017864385865, 0.808671080352800331, -1.000000000000000000, 0.038318643234832236, 0.773124999999999951, 0.990703125000000018, 0.117474969745743396
0.349611239509538041, 0.767154193039951360, -1.000000000000000000, 0.043303376505531836, 0.693124999999999991, 0.940703125000000084, 0.076905420160359478
0.228571229153142597, 0.900003730842055760, -1.000000000000000000, 0.041549432098765438, 0.703125000000000000, 0.946953125000000062, 0.065608680273242501
0.313518236327052946, 0.861294813945016613, -1.000000000000000000, 0.036918259704243735, 0.783124999999999960, 0.996953124999999996, 0.100218914532763298
0.275219819043491909, 0.854426691068744915, -1.000000000000000000, 0.039098237912572567, 0.743125000000000036, 0.971953124999999973, 0.081087796374741145
0.367654538018034438, 0.677952064233290908, -1.000000000000000000, 0.053876582208202559, 0.663124999999999964, 0.921953125000000040, 0.123863654941472348
0.254643139033945753, 0.911408007273918797, -1.000000000000000000, 0.044302875511056293, 0.723125000000000018, 0.959453125000000018, 0.072938764086130398
0.335793337525848001, 0.727195720885302932, -1.000000000000000000, 0.050933048493588748, 0.643124999999999947, 1.009453125000000062, 0.111415802507073003
0.175419273032457634, 0.945384445753162717, -1.000000000000000000, 0.047392999952287233, 0.683124999999999982, 0.984453125000000040, 0.090147273583455076
0.294152105054489299, 0.809282625014889567, -1.000000000000000000, 0.034371203904373440, 0.763125000000000053, 0.934453124999999996, 0.137702234963358622
0.196362398852136633, 1.140795569486369399, -1.000000000000000000, 0.036881298980745145, 0.758125000000000049, 1.006328125000000018, 0.114405279723953868
0.298876275680834802, 0.790992405597641057, -1.000000000000000000, 0.050663212215167022, 0.678124999999999978, 0.956328124999999973, 0.074895836319659279
0.260088159300134181, 0.811569097210906754, -1.000000000000000000, 0.039068293388658241, 0.718125000000000013, 0.931328125000000062, 0.092566079663719603
0.342354633123311769, 0.770514540294567674, -1.000000000000000000, 0.034925484246616081, 0.798124999999999973, 0.981328124999999996, 0.060598723834901072
0.280017294233859848, 0.800677093865462042, -1.000000000000000000, 0.046724784782105157, 0.698124999999999996, 1.018828124999999973, 0.127187129404833232
0.380108999324279329, 0.752094714571577172, -1.000000000000000000, 0.034142675118143256, 0.778124999999999956, 0.968828125000000040, 0.083263521131684573
0.236027132895075098, 0.908030133529383887, -1.000000000000000000, 0.043725053969819912, 0.738125000000000031, 0.943828125000000018, 0.102907960026800832
0.318680636150383001, 0.709758558098578685, -1.000000000000000000, 0.050152911817995707, 0.658124999999999960, 0.993828125000000062, 0.067369073776614954
0.270325787825888175, 0.857395441178316342, -1.000000000000000000, 0.049250893231393089, 0.668124999999999969, 1.000078124999999929, 0.087791672328059220
0.357865143214442183, 0.682033648354509636, -1.000000000000000000, 0.043032951356391534, 0.748125000000000040, 0.950078124999999996, 0.134103994610030447
0.220020995507404282, 0.912712593706768383, -1.000000000000000000, 0.033704353316508617, 0.788124999999999964, 0.925078125000000084, 0.071032831300606364
0.308524566150301882, 0.853114498076960937, -1.000000000000000000, 0.045937917984807848, 0.708125000000000004, 0.975078125000000018, 0.108504442087352382
0.248889690740762143, 0.781327168390301363, -1.000000000000000000, 0.038151771568700796, 0.768124999999999947, 1.012578125000000107, 0.078968924584782982
0.329739017529570078, 0.760562601472108191, -1.000000000000000000, 0.043103412717857850, 0.688124999999999987, 0.962578125000000062, 0.120627024819675729
0.289453574788003376, 0.848685441186358580, -1.000000000000000000, 0.056086794393366370, 0.648124999999999951, 0.937578125000000040, 0.063894286887030541
0.448450791099082924, 0.625703904804263078, -1.000000000000000000, 0.040478181583746248, 0.728125000000000022, 0.987578124999999973, 0.097600135378347261
0.289747032285669226, 0.824050202339197346, -1.000000000000000000, 0.040276053463932246, 0.773437500000000000, 1.016679687499999929, 0.076271699918100511
0.461018931537220289, 0.596209633534321326, -1.000000000000000000, 0.045737973960394897, 0.693437500000000040, 0.966679687499999996, 0.116506946085884286
0.249259997259054955, 0.853396783033918194, -1.000000000000000000, 0.053968169017499103, 0.653437500000000004, 0.941679687500000084, 0.061711944306605031
0.330105176642425890, 0.815383755390655329, -1.000000000000000000, 0.038933201946333332, 0.733437499999999964, 0.991679687500000018, 0.094266552022638880
0.220597087851313739, 0.810997120255135262, -1.000000000000000000, 0.045022152120197459, 0.673437500000000022, 1.004179687499999973, 0.084793102126203182
0.308832586995450076, 0.782242397936342759, -1.000000000000000000, 0.039668180592855116, 0.753437499999999982, 0.954179687500000040, 0.129523602967815676
0.270635185948767509, 0.872278950557848431, -1.000000000000000000, 0.034101494433974540, 0.793437500000000018, 0.929179687500000018, 0.068606668025170209
0.358424433485500071, 0.695993882734641245, -1.000000000000000000, 0.046303890819976407, 0.713437499999999947, 0.979179687500000062, 0.104798416468016312
0.236465485604030634, 0.993194851534986434, -1.000000000000000000, 0.049896204637746966, 0.683437500000000031, 1.010429687500000062, 0.136567533488239995
0.319010036399097807, 0.762059216565505348, -1.000000000000000000, 0.036383870713168974, 0.763437499999999991, 0.960429687500000018, 0.089404437097610923
0.280314713324137321, 0.776763728535335041, -1.000000000000000000, 0.042524805358983807, 0.723437499999999956, 0.935429687499999996, 0.110497707927925903
0.381025834147740217, 0.726424151239085103, -1.000000000000000000, 0.048684261115924339, 0.643437499999999996, 0.985429687500000040, 0.072337730099834643
0.260419982501398084, 0.826038868769542467, -1.000000000000000000, 0.037417921030680215, 0.743437499999999973, 0.997929687499999996, 0.122842986889039718
0.342785390204602636, 0.785915591914131295, -1.000000000000000000, 0.051757116337251496, 0.663437500000000013, 0.947929687500000062, 0.080419612287641773
0.197341632188326455, 0.988355134459546480, -1.000000000000000000, 0.043916312627528598, 0.703437500000000049, 0.922929687500000040, 0.099393085161254710
0.299173064959725399, 0.724510309012177167, -1.000000000000000000, 0.038826745821711174, 0.783437500000000009, 0.972929687499999973, 0.065068048043805976
0.177186277257392666, 1.027632019561526944, -1.000000000000000000, 0.041536818589737505, 0.738437499999999969, 0.969804687500000040, 0.066813935456514012
0.294446310329344318, 0.942943546831730983, -1.000000000000000000, 0.047399575938365322, 0.658437500000000009, 1.019804687499999973, 0.102059972235789817
0.254991635982278753, 0.893134963215956867, -1.000000000000000000, 0.048583196953090199, 0.698437500000000044, 0.994804687500000062, 0.082577408518647963
0.336186992018081943, 0.714123022300666821, -1.000000000000000000, 0.035644981910792142, 0.778437500000000004, 0.944804687500000018, 0.126139075076665164
0.275522123313571621, 0.883868716323275239, -1.000000000000000000, 0.040830203800998256, 0.718437499999999951, 0.957304687499999973, 0.060099374922052529
0.368337624176500844, 0.698347711331823939, -1.000000000000000000, 0.036352189214961646, 0.798437500000000022, 1.007304687500000018, 0.091803311599945481
0.229064768990702439, 0.837713655517076883, -1.000000000000000000, 0.034811637855882080, 0.758437499999999987, 0.982304687499999996, 0.074278675559888221
0.313835448458691435, 0.787714308290170862, -1.000000000000000000, 0.048067985490239093, 0.678437500000000027, 0.932304687500000062, 0.113462551091418035
0.265616076421720415, 0.792048680134761707, -1.000000000000000000, 0.053242908985338948, 0.648437500000000000, 0.963554687500000062, 0.096795885413812871
0.350093871896009934, 0.753666533674658745, -1.000000000000000000, 0.038232753805469380, 0.728437499999999960, 1.013554687500000107, 0.063367781695581354
0.210460240651596686, 1.033835907137061749, -1.000000000000000000, 0.039690534360916345, 0.768437499999999996, 0.988554687499999973, 0.119633027423493465
0.303957535624447439, 0.776779030088418532, -1.000000000000000000, 0.045020109375054733, 0.688437500000000036, 0.938554687500000040, 0.078318200540698102
0.243129600347424035, 0.886004702788680820, -1.000000000000000000, 0.035168797440087066, 0.788437500000000013, 0.951054687499999996, 0.107610337859296801
0.324410278695172083, 0.685159876422163028, -1.000000000000000000, 0.047744347515775040, 0.708437500000000053, 1.001054687499999929, 0.070447502685714258
0.285046199583718740, 0.785101568149662588, -1.000000000000000000, 0.046579464041976507, 0.668437500000000018, 0.976054687500000018, 0.132998943551536075
0.399979075747916968, 0.722278597500003450, -1.000000000000000000, 0.040902890067599076, 0.748437499999999978, 0.926054687500000084, 0.087068246596296098
0.246251910693705361, 0.831625917290200523, -1.000000000000000000, 0.043829428017894481, 0.700937499999999991, 0.990117187499999996, 0.124480121890357981
0.327215801180039290, 0.786121989648099762, -1.000000000000000000, 0.038752916132439370, 0.780937499999999951, 0.940117187500000062, 0.081491368725699245
0.287398612706946388, 0.914730139819360355, -1.000000000000000000, 0.037312236765029996, 0.740937500000000027, 0.965117187499999973, 0.100717702078567839
0.416097440640833538, 0.668923631822392228, -1.000000000000000000, 0.051698718486103426, 0.660937499999999956, 1.015117187500000018, 0.065935213371006898
0.268144755665905621, 0.850025005161684222, -1.000000000000000000, 0.044461655213801535, 0.720937500000000009, 0.977617187500000040, 0.138387576249974942
0.354104638159495222, 0.670062555716935959, -1.000000000000000000, 0.051141527328120731, 0.640937500000000049, 0.927617187499999996, 0.090595934772426168
0.215793414947307860, 0.909929452416531226, -1.000000000000000000, 0.052103172655838477, 0.680937499999999973, 0.952617187500000018, 0.111970316741790477
0.306381537755344935, 0.834607764246170780, -1.000000000000000000, 0.038096715843976239, 0.760937500000000044, 1.002617187500000062, 0.073301778865348013
0.277928049820782952, 0.810271119437323550, -1.000000000000000000, 0.034841923015141676, 0.790937499999999960, 0.983867187500000018, 0.085923144295289744
0.374211413265449377, 0.770217278904605118, -1.000000000000000000, 0.047279314092500906, 0.710937500000000000, 0.933867187500000084, 0.131249770893926088
0.232873808161562001, 0.921610858418453027, -1.000000000000000000, 0.046087206094920417, 0.670937499999999964, 0.958867187499999996, 0.069520992728535486
0.316398189177991396, 0.722784722430952820, -1.000000000000000000, 0.040514622362219234, 0.750937500000000036, 1.008867187499999929, 0.106195070522329446
0.188683824926600907, 1.048064207063662989, -1.000000000000000000, 0.052679845001796545, 0.650937499999999947, 0.971367187500000062, 0.077288176908022241
0.296804406951418631, 0.767143040092258088, -1.000000000000000000, 0.037848837517485627, 0.730937500000000018, 0.921367187500000018, 0.118059640335383298
0.257738831140041091, 0.760809554837386437, -1.000000000000000000, 0.039323118672763412, 0.770937500000000053, 0.946367187500000040, 0.062534382661307369
0.339411461660331870, 0.748022420091541629, -1.000000000000000000, 0.044557443856741132, 0.690937499999999982, 0.996367187499999973, 0.095522847360925062
0.252168987911452924, 0.928175020470120571, -1.000000000000000000, 0.045302071430631953, 0.665937499999999960, 0.943242187499999996, 0.109044466539123433
0.333090718663821450, 0.736313632712800370, -1.000000000000000000, 0.039880170642228562, 0.745937500000000031, 0.993242187500000040, 0.071386360290230322
0.158874973018580612, 1.010937642111693346, -1.000000000000000000, 0.034224237082475330, 0.785937499999999956, 1.018242187500000062, 0.134771427525922333
0.292095064242223479, 0.818601396606084553, -1.000000000000000000, 0.046634572329931658, 0.705937499999999996, 0.968242187500000018, 0.088228609736399177
0.224992816187678024, 0.875734436640016378, -1.000000000000000000, 0.040509365031566894, 0.765937500000000049, 0.930742187500000040, 0.098085889312347879
0.311315486143581288, 0.810757865107741393, -1.000000000000000000, 0.046046253392209469, 0.685937499999999978, 0.980742187499999973, 0.064212287482984895
0.273092680389572906, 0.829799882149975576, -1.000000000000000000, 0.054442270067869107, 0.645937500000000053, 1.005742187500000107, 0.121227383124772367
0.363131487244331141, 0.617770836224805442, -1.000000000000000000, 0.039119186395047446, 0.725937500000000013, 0.955742187500000062, 0.079361951352954485
0.204411821788756248, 0.989017301366019841, -1.000000000000000000, 0.036535208297409874, 0.755937500000000040, 0.936992187500000018, 0.060900322479043402
0.301556111564786067, 0.746194618615792726, -1.000000000000000000, 0.050291445952811639, 0.675937499999999969, 0.986992187500000062, 0.093026779202479024
0.263043311040402461, 0.837120189668718151, -1.000000000000000000, 0.042780271843535549, 0.715937500000000004, 1.011992187499999973, 0.075268591408486865
0.346335109360752569, 0.812329157886955477, -1.000000000000000000, 0.037927558677391150, 0.795937499999999964, 0.961992187500000040, 0.114974672527364610
0.282686143885982399, 0.740108822363504060, -1.000000000000000000, 0.048526382243152526, 0.695937499999999987, 0.924492187500000062, 0.067704368317858241
0.389270728327412996, 0.701956154187640791, -1.000000000000000000, 0.035548049734570430, 0.775937499999999947, 0.974492187499999996, 0.103420130898585108
0.239874869177088973, 0.935988291097583636, -1.000000000000000000, 0.041455997764164421, 0.735937500000000022, 0.999492187500000018, 0.083677922021516055
0.321678067404330081, 0.741162699387933888, -1.000000000000000000, 0.047303997615870529, 0.655937499999999951, 0.949492187500000084, 0.127820137220069824
0.213202668992421629, 0.994642497573734796, -1.000000000000000000, 0.033748714487082145, 0.782187500000000036, 0.976835937499999973, 0.093644613946500060
0.305166442124717607, 0.762018979925242257, -1.000000000000000000, 0.046135786250331504, 0.702187499999999964, 0.926835937500000040, 0.061304790262107695
0.266885548461974431, 0.764487674122922289, -1.000000000000000000, 0.049483303605371842, 0.662187500000000040, 0.951835937500000062, 0.115738273589110804
0.352064586069914143, 0.739038621982539334, -1.000000000000000000, 0.043203013850415514, 0.742187500000000000, 1.001835937500000107, 0.075768485646515518
0.286223131930567087, 0.803516315682104132, -1.000000000000000000, 0.056432533551186645, 0.642187500000000022, 0.989335937500000040, 0.104106992796289571
0.406990223328284939, 0.752905314979304796, -1.000000000000000000, 0.040596016904833637, 0.722187499999999982, 0.939335937499999996, 0.068154024980459887
0.244706089152533196, 0.905183079061263718, -1.000000000000000000, 0.038254273481644209, 0.762187500000000018, 0.964335937500000018, 0.128669051075167434
0.325803253992575426, 0.719209996649357919, -1.000000000000000000, 0.043240053644022690, 0.682187499999999947, 1.014335937500000062, 0.084233666592870557
0.256374046203269867, 0.857489231049766487, -1.000000000000000000, 0.040191449834525161, 0.712187499999999973, 0.970585937499999996, 0.071860470799210860
0.337781975078464136, 0.649134852314175004, -1.000000000000000000, 0.035830055748125839, 0.792187500000000044, 0.920585937500000062, 0.109768682304182519
0.183423001359837134, 0.971424259347713370, -1.000000000000000000, 0.037886313099050356, 0.752187500000000009, 0.945585937500000084, 0.088814577572533429
0.295624272618065898, 0.833284876505207661, -1.000000000000000000, 0.052088689355777353, 0.672187500000000049, 0.995585937500000018, 0.135666508180553924
0.230999014576587003, 0.840367608258100418, -1.000000000000000000, 0.044880829357213908, 0.732187499999999991, 0.983085937500000062, 0.064638751588699028
0.315111091831536183, 0.789160195985455504, -1.000000000000000000, 0.051629534510875617, 0.652187500000000031, 0.933085937500000018, 0.098737323994220111
0.276727754401505488, 0.888232552249252905, -1.000000000000000000, 0.048026333892147222, 0.692187499999999956, 0.958085937500000040, 0.079889031526206952
0.371177284084205583, 0.698428387614738244, -1.000000000000000000, 0.035068715349777374, 0.772187500000000027, 1.008085937499999973, 0.122032511388518949
0.271867735828331569, 0.744837463106056141, -1.000000000000000000, 0.039570528055420433, 0.747187500000000004, 0.929960937500000084, 0.132121462564843362
0.360723549948194999, 0.726488571218844359, -1.000000000000000000, 0.054346593246274583, 0.667187500000000044, 0.979960937500000018, 0.086493800447381308
0.222840013317488594, 0.966016489838313341, -1.000000000000000000, 0.042073987404047788, 0.707187499999999969, 1.004960937499999929, 0.106900362103688543
0.310069740112869918, 0.751660877651202264, -1.000000000000000000, 0.037345708148047052, 0.787187500000000040, 0.954960937499999996, 0.069982714451191641
0.141379625451038937, 1.184387316653217503, -1.000000000000000000, 0.047893943276130516, 0.687187499999999951, 0.942460937500000040, 0.118843730124271560
0.290920871962314420, 0.755315001460877600, -1.000000000000000000, 0.034858325624997410, 0.767187500000000022, 0.992460937499999973, 0.077801484166482554
0.250726033560245198, 0.854184904285878122, -1.000000000000000000, 0.044755526803767882, 0.727187499999999987, 1.017460937500000107, 0.096157259671588183
0.331585075918961136, 0.820823164689909457, -1.000000000000000000, 0.051490298180875402, 0.647187500000000027, 0.967460937500000062, 0.062949703009225352
0.238191089977047910, 0.867262390595992083, -1.000000000000000000, 0.046456805090580290, 0.677187500000000053, 0.923710937499999996, 0.082032591364687740
0.320336552959446519, 0.817935700931741949, -1.000000000000000000, 0.040821478168105933, 0.757187500000000013, 0.973710937500000040, 0.125306853127354123
0.281502088124695848, 0.830665037920512495, -1.000000000000000000, 0.031871038190571306, 0.797187500000000049, 0.998710937500000062, 0.066373120240666217
0.384924403394876213, 0.644496772018379405, -1.000000000000000000, 0.043460587333456743, 0.717187499999999978, 0.948710937500000018, 0.101386615871086161
0.261738400658463766, 0.970751196268912930, -1.000000000000000000, 0.037878350615803705, 0.777187500000000031, 0.936210937500000062, 0.091197625131367199
0.344536386811929274, 0.736031298297134318, -1.000000000000000000, 0.042749561464398504, 0.697187499999999960, 0.986210937499999996, 0.139306673454899055
0.201031085799871140, 0.921968435378450524, -1.000000000000000000, 0.055405304877731675, 0.657187500000000036, 1.011210937500000018, 0.073788610573054261
0.300362544732483583, 0.821705525116632418, -1.000000000000000000, 0.040168334237515591, 0.737187499999999996, 0.961210937499999973, 0.112713964458879989
0.269394408778292960, 0.804022660160869873, -1.000000000000000000, 0.045913484936142793, 0.694687500000000013, 1.003398437500000018, 0.063788637039802754
0.356221625672391462, 0.761525172826238661, -1.000000000000000000, 0.033421197925421468, 0.774687499999999973, 0.953398437500000084, 0.097438752570986678
0.218252738137322100, 0.931666283106357906, -1.000000000000000000, 0.042995360581241746, 0.734687500000000049, 0.928398437500000062, 0.078838348672215453
0.307603389970215746, 0.692021922955453950, -1.000000000000000000, 0.049245561371830872, 0.654687499999999978, 0.978398437499999996, 0.120427566818582840
0.247769223731833188, 0.943771515097580060, -1.000000000000000000, 0.037981387892270957, 0.754687499999999956, 1.015898437499999973, 0.070915377798255907
0.328649284153927190, 0.744170046056361834, -1.000000000000000000, 0.052135882818478439, 0.674687499999999996, 0.965898437500000040, 0.108325028898966155
0.288573095768405563, 0.755231177638897799, -1.000000000000000000, 0.040296200899018787, 0.714687500000000031, 0.940898437500000018, 0.087646507913191715
0.429606880094645760, 0.677637984169271457, -1.000000000000000000, 0.035916719255390070, 0.794687499999999991, 0.990898437500000062, 0.133882252303582333
0.193264260969554513, 0.904290887990639947, -1.000000000000000000, 0.039239060564557088, 0.764687499999999964, 0.997148437500000040, 0.102737800677897256
0.297987179819752812, 0.805321932737135704, -1.000000000000000000, 0.044464710932092005, 0.684687500000000004, 0.947148437499999996, 0.067257678334249948
0.259087123566635380, 0.905760507090755840, -1.000000000000000000, 0.057732563371584701, 0.644687499999999969, 0.922148437500000084, 0.126976824204702937
0.341078234855137052, 0.722783207673980632, -1.000000000000000000, 0.041690956515174252, 0.724687500000000040, 0.972148437500000018, 0.083125844060450274
0.279123532965462440, 0.849933938153003221, -1.000000000000000000, 0.048369089387150545, 0.664687499999999987, 1.009648437500000107, 0.092413020718211072
0.377477624856124683, 0.670544074832428838, -1.000000000000000000, 0.042321740105858943, 0.744687499999999947, 0.959648437500000062, 0.060498523234389229
0.234694421858688607, 0.889573362251467770, -1.000000000000000000, 0.033001111318878736, 0.784687499999999982, 0.934648437500000040, 0.114216109441073022
0.317697551508785092, 0.862577244711059121, -1.000000000000000000, 0.045148253941721027, 0.704687500000000022, 0.984648437499999973, 0.074771995299582478
0.227065028424172727, 0.917951399387463729, -1.000000000000000000, 0.054232179414364451, 0.659687499999999982, 0.956523437500000018, 0.089998214158174480
0.312570490159990444, 0.701056570765280496, -1.000000000000000000, 0.039297558725818978, 0.739687500000000053, 1.006523437500000062, 0.137474542930226956
0.274310617505008902, 0.801468058204805822, -1.000000000000000000, 0.037096075919373812, 0.779687499999999978, 0.981523437500000040, 0.072818159104713065
0.365663350509118967, 0.756733028365531468, -1.000000000000000000, 0.041774375683331803, 0.699687500000000018, 0.931523437499999996, 0.111231575354895168
0.253590385492995340, 0.812179892095526657, -1.000000000000000000, 0.032800889244391181, 0.799687499999999996, 0.969023437499999973, 0.080953716886317140
0.334623999398445893, 0.771938528985327777, -1.000000000000000000, 0.044552886425585837, 0.719687500000000036, 1.019023437500000018, 0.123658845139857684
0.169420631875625921, 1.156604366645981319, -1.000000000000000000, 0.047678266613819527, 0.679687500000000000, 0.994023437499999996, 0.065500195659274729
0.293270059515228665, 0.791808127786075344, -1.000000000000000000, 0.041804059419661803, 0.759687499999999960, 0.944023437500000062, 0.100053201547681506
0.283867357889572403, 0.847759966063516335, -1.000000000000000000, 0.044819133473031653, 0.729687500000000044, 0.950273437500000040, 0.117280723699478395
0.394210820027707409, 0.660544318437853328, -1.000000000000000000, 0.051561215582379603, 0.649687499999999973, 1.000273437499999973, 0.076778256273151588
0.241520068601410010, 0.740006481561565788, -1.000000000000000000, 0.047961248644743451, 0.689687500000000009, 0.975273437500000062, 0.094892620683060647
0.323035609313117589, 0.762018632520793937, -1.000000000000000000, 0.034964572712276487, 0.769687499999999969, 0.925273437500000018, 0.062121802453265373
0.207540758206474912, 0.931579448270553945, -1.000000000000000000, 0.040084220061848502, 0.709687500000000027, 0.962773437499999996, 0.130383830342882867
0.302754269464683312, 0.845091246407988383, -1.000000000000000000, 0.035741573123444483, 0.789687499999999987, 1.012773437499999929, 0.085356253134934404
0.264335592792705631, 0.859404786560460265, -1.000000000000000000, 0.037789123264330822, 0.749687499999999951, 0.987773437500000018, 0.105494432210659558
0.348185943983731150, 0.681211002120912568, -1.000000000000000000, 0.052039336746036807, 0.669687499999999991, 0.937773437500000084, 0.069062317285962141
0.231943496946698136, 0.888662803736403717, -1.000000000000000000, 0.040739965289376248, 0.741562500000000013, 0.970195312500000018, 0.110864034411202475
0.315753159106710646, 0.842562695104425829, -1.000000000000000000, 0.046390546064218198, 0.661562500000000053, 0.920195312500000084, 0.072577547076789206
0.277328536011715310, 0.846216300688030776, -1.000000000000000000, 0.047651350935759250, 0.701562499999999978, 0.945195312499999996, 0.137020287714645583
0.372667924938864970, 0.668019921971852115, -1.000000000000000000, 0.034957628304136165, 0.781562500000000049, 0.995195312500000040, 0.089700834313855865
0.257058569211366383, 0.900189790694400416, -1.000000000000000000, 0.047098435258782184, 0.681562499999999960, 0.982695312499999973, 0.099722597148714939
0.338592238274034896, 0.719830194325402739, -1.000000000000000000, 0.041343876352949470, 0.761562500000000031, 0.932695312500000040, 0.065283764275939099
0.186153160163702536, 0.902369452280883833, -1.000000000000000000, 0.040004644112958489, 0.721562499999999996, 0.957695312500000062, 0.123250240941871328
0.296214039277583219, 0.802199827986401326, -1.000000000000000000, 0.055705489857310261, 0.641562500000000036, 1.007695312500000107, 0.080686222648238645
0.286811025321791147, 0.772519312093795207, -1.000000000000000000, 0.050257665268358828, 0.671562499999999951, 0.976445312499999996, 0.061916534247499926
0.411195663984491699, 0.702803887098171431, -1.000000000000000000, 0.036409939445282480, 0.751562500000000022, 0.926445312500000062, 0.094579068319498041
0.245482693664664464, 1.012601797994796549, -1.000000000000000000, 0.037850472460715552, 0.791562499999999947, 0.951445312500000084, 0.076524558951364341
0.326506998283081440, 0.756549076500524387, -1.000000000000000000, 0.042692298864607958, 0.711562499999999987, 1.001445312500000018, 0.116893194639245843
0.214515633814310491, 0.952167647641767201, -1.000000000000000000, 0.035428704350306706, 0.771562500000000040, 0.988945312500000062, 0.068834115633797294
0.305773181294213048, 0.724100841820742969, -1.000000000000000000, 0.048490526239701355, 0.691562499999999969, 0.938945312500000018, 0.105145848429073083
0.267516389944640331, 0.818897254453461287, -1.000000000000000000, 0.047207126385222765, 0.651562500000000044, 0.963945312500000040, 0.085074211657708260
0.353075497066642874, 0.779930325275541292, -1.000000000000000000, 0.041370871311160871, 0.731562500000000004, 1.013945312499999973, 0.129953004870047545
0.262392488176486360, 0.874755290887165859, -1.000000000000000000, 0.037696780683564704, 0.786562500000000053, 0.923320312500000018, 0.120029639688504053
0.345429520962422243, 0.699109474559756250, -1.000000000000000000, 0.042509948414757789, 0.706562499999999982, 0.973320312500000062, 0.078577844215835080
0.202756074019326160, 0.955283445812788901, -1.000000000000000000, 0.050128261514138656, 0.666562499999999947, 0.998320312499999973, 0.097116787059324056
0.300958786055450844, 0.877853529037920910, -1.000000000000000000, 0.036192812704945107, 0.746562500000000018, 0.948320312500000040, 0.063577861135751465
0.239037996476327952, 0.809186781457782778, -1.000000000000000000, 0.049509888545517959, 0.646562500000000040, 0.935820312500000084, 0.133439867043836063
0.321005372661292032, 0.774451053271508982, -1.000000000000000000, 0.043185385593710254, 0.726562500000000000, 0.985820312500000018, 0.087356898779031716
0.282094500855406827, 0.865515494008431086, -1.000000000000000000, 0.037009184823063319, 0.766562500000000036, 1.010820312499999929, 0.107967092016205773
0.387033934752982756, 0.677114575407358199, -1.000000000000000000, 0.050591602029415296, 0.686562499999999964, 0.960820312499999996, 0.070681053104075020
0.151578705885807019, 1.201693668278459137, -1.000000000000000000, 0.046955323365125166, 0.716562499999999991, 0.929570312499999996, 0.082851172492833386
0.291507895913820259, 0.788624430205439153, -1.000000000000000000, 0.034687715903635931, 0.796562499999999951, 0.979570312500000040, 0.126557256454750688
0.251450297788044230, 0.806389432740007184, -1.000000000000000000, 0.040287031364176974, 0.756562500000000027, 1.004570312500000062, 0.067035439725413579
0.332334564885425621, 0.768938934801207230, -1.000000000000000000, 0.045789993012923427, 0.676562499999999956, 0.954570312500000018, 0.102398325595452477
0.272481120870563753, 0.797633013396512713, -1.000000000000000000, 0.037666082435461115, 0.736562500000000009, 0.942070312500000062, 0.074524927237959615
0.361913040636977323, 0.753705813310781680, -1.000000000000000000, 0.052275825228620086, 0.656562500000000049, 0.992070312499999996, 0.113838706743008736
0.223927047523109296, 0.918081062868274844, -1.000000000000000000, 0.044280288323842426, 0.696562499999999973, 1.017070312500000018, 0.060298618807515504
0.310691498142657896, 0.680316976916044647, -1.000000000000000000, 0.039109182256516967, 0.776562500000000044, 0.967070312499999973, 0.092107661662242546
0.279719629647551704, 0.901959339392761961, -1.000000000000000000, 0.048841164859362171, 0.654062499999999991, 0.996757812500000062, 0.069751471543505583
0.379212734604678803, 0.696765185064386561, -1.000000000000000000, 0.042672796644895310, 0.734062499999999951, 0.946757812500000018, 0.106547132727557517
0.235585880229966294, 0.843442371654394396, -1.000000000000000000, 0.036624062896614129, 0.774062499999999987, 0.921757812499999996, 0.086208000188429945
0.318352098084578705, 0.791962212686854072, -1.000000000000000000, 0.049912819002274747, 0.694062500000000027, 0.971757812500000040, 0.131684895458082568
0.195357569035538914, 0.950389581519610394, -1.000000000000000000, 0.037300278579660354, 0.794062500000000004, 1.009257812500000018, 0.062741699183195138
0.298579703426902598, 0.838186054566562477, -1.000000000000000000, 0.042007766376664479, 0.714062500000000044, 0.959257812499999973, 0.095839528579046901
0.259755418702991403, 0.858781870876770714, -1.000000000000000000, 0.049452258272652858, 0.674062500000000009, 0.934257812500000062, 0.077544405807032896
0.341926557754774818, 0.671644887348743835, -1.000000000000000000, 0.035822675523467393, 0.754062499999999969, 0.984257812499999996, 0.118451036443700475
0.248517811630017571, 0.886902583409500789, -1.000000000000000000, 0.038351945957233034, 0.724062500000000053, 1.003007812499999929, 0.101051605489760818
0.329374332449300589, 0.701262212606454161, -1.000000000000000000, 0.053533647807848021, 0.644062499999999982, 0.953007812499999996, 0.066153804464806260
0.289160104218381120, 0.789749190645153809, -1.000000000000000000, 0.045212148203119508, 0.684062500000000018, 0.928007812500000084, 0.124892803439550587
0.440426661669891195, 0.701486863773426061, -1.000000000000000000, 0.039837237214631921, 0.764062499999999978, 0.978007812500000018, 0.081761532216711674
0.270015865658516929, 0.709634423431167560, -1.000000000000000000, 0.047975486253077959, 0.704062500000000036, 1.015507812500000107, 0.112341525277538018
0.357311688428932073, 0.724996706767460641, -1.000000000000000000, 0.035268807502238646, 0.784062499999999996, 0.965507812500000062, 0.073544791895873235
0.219438378543822366, 0.964946979915830449, -1.000000000000000000, 0.041059338410039864, 0.744062499999999960, 0.940507812500000040, 0.138846364355967922
0.308217032744853847, 0.747626440226914046, -1.000000000000000000, 0.046785993079584774, 0.664062500000000000, 0.990507812499999973, 0.090896282090091651
0.209024463427769119, 0.888325376355097895, -1.000000000000000000, 0.044635582851018818, 0.699062500000000031, 0.949882812500000062, 0.075518124895731994
0.303355231126716252, 0.806945715642580441, -1.000000000000000000, 0.039399206667558050, 0.779062499999999991, 0.999882812499999996, 0.115355841225273689
0.264977259234894513, 0.913936746528001609, -1.000000000000000000, 0.038012416807834480, 0.739062499999999956, 0.974882812499999973, 0.061102221698334985
0.349132433702949996, 0.722475007301903949, -1.000000000000000000, 0.052635400992067906, 0.659062499999999996, 0.924882812500000040, 0.093335185354197742
0.284457046203619890, 0.816583587894283203, -1.000000000000000000, 0.038769222112185323, 0.759062499999999973, 0.962382812500000018, 0.083955334462704631
0.396971443253119116, 0.611176150642152916, -1.000000000000000000, 0.043887995774608217, 0.679062500000000013, 1.012382812500000062, 0.128243891723559600
0.242329122635221661, 0.848370157904434929, -1.000000000000000000, 0.045233247982236997, 0.719062500000000049, 0.987382812500000040, 0.067928824585897024
0.323720731356475055, 0.799489468764347788, -1.000000000000000000, 0.033340424936401165, 0.799062500000000009, 0.937382812499999996, 0.103762993511416796
0.254293445173428778, 0.855137949832373678, -1.000000000000000000, 0.036436099206128406, 0.769062499999999982, 0.956132812500000040, 0.135218227228988908
0.335401644434975665, 0.842844310978725586, -1.000000000000000000, 0.049810521336274498, 0.689062500000000022, 1.006132812499999973, 0.088521108802082943
0.173546913342697229, 1.078663009297990305, -1.000000000000000000, 0.048661904264071104, 0.649062499999999987, 0.981132812500000062, 0.109405975177602144
0.293857999577674611, 0.760638961665193625, -1.000000000000000000, 0.042519331186066808, 0.729062499999999947, 0.931132812500000018, 0.071623023247403078
0.228073497552285814, 0.966348750322612138, -1.000000000000000000, 0.051660154353919747, 0.669062500000000004, 0.968632812499999996, 0.121629281062473296
0.313201680198598120, 0.754778603749637678, -1.000000000000000000, 0.037472093906842599, 0.749062499999999964, 1.018632812499999929, 0.079625055313120405
0.274917139102137220, 0.759348264151404773, -1.000000000000000000, 0.038828507009116754, 0.789062500000000000, 0.993632812500000018, 0.098411067631107935
0.366981371230200859, 0.726139478070299549, -1.000000000000000000, 0.043907565922436283, 0.709062500000000040, 0.943632812500000084, 0.064425166662995803
0.258414971091654344, 0.785496257278545440, -1.000000000000000000, 0.039580107382672383, 0.732812499999999978, 1.010039062499999973, 0.089109019262555295
0.340240001834609174, 0.755089712405311086, -1.000000000000000000, 0.054803008578752907, 0.652812500000000018, 0.960039062500000040, 0.136116275291312538
0.191046108085274030, 1.058022358908858873, -1.000000000000000000, 0.042094863389045445, 0.692812500000000053, 0.935039062500000018, 0.072098705546773598
0.297395434145877657, 0.775628102690653076, -1.000000000000000000, 0.037346978585872589, 0.772812500000000013, 0.985039062500000062, 0.110132591892140877
0.233790584388624906, 0.930697396853307768, -1.000000000000000000, 0.044932106929112099, 0.712812499999999960, 0.997539062500000018, 0.080153882883942373
0.317046284768794706, 0.733539019956214733, -1.000000000000000000, 0.032980706979354353, 0.792812500000000031, 0.947539062500000084, 0.122437078520097067
0.278526360778264148, 0.818108532811990363, -1.000000000000000000, 0.042136853273174263, 0.752812499999999996, 0.922539062500000062, 0.064853044599811269
0.375812734326130660, 0.804390492428953774, -1.000000000000000000, 0.048113985195265399, 0.672812500000000036, 0.972539062499999996, 0.099064661975660731
0.217038399186324449, 0.897768494073203360, -1.000000000000000000, 0.053345005221862384, 0.642812500000000009, 1.016289062500000062, 0.116121973808232595
0.306991583038312976, 0.822342963878010313, -1.000000000000000000, 0.046209613551031793, 0.722812499999999969, 0.966289062500000018, 0.076019676403415060
0.268770733372968862, 0.841115978363168981, -1.000000000000000000, 0.036076980022257350, 0.762812500000000004, 0.941289062499999996, 0.093955068369022426
0.355152993135939676, 0.649957558406053515, -1.000000000000000000, 0.049530133162974097, 0.682812500000000044, 0.991289062500000040, 0.061508030389399490
0.287985950705285432, 0.879348242128906721, -1.000000000000000000, 0.036827263636399855, 0.782812500000000022, 1.003789062500000107, 0.129095619932302841
0.422021428904169715, 0.657971649362500632, -1.000000000000000000, 0.041436923401161840, 0.702812499999999951, 0.953789062500000062, 0.084512921461003976
0.247014003554198530, 0.818867008782617201, -1.000000000000000000, 0.053759346433734097, 0.662812500000000027, 0.928789062500000040, 0.104452132521544644
0.327929836310983880, 0.777152873104401620, -1.000000000000000000, 0.038997339706757138, 0.742812499999999987, 0.978789062499999973, 0.068379971968505288
0.240702102123230566, 0.922754467857300087, -1.000000000000000000, 0.033614194137612484, 0.777812500000000018, 0.963164062499999973, 0.066593163101082070
0.322354767914698748, 0.732201528931429868, -1.000000000000000000, 0.046075949468632880, 0.697812499999999947, 1.013164062500000018, 0.101722736892416246
0.283277076599418920, 0.704591658449400748, -1.000000000000000000, 0.049423327559650419, 0.657812500000000022, 0.988164062499999996, 0.082304549138945707
0.391654667561395664, 0.693338669755400594, -1.000000000000000000, 0.043144268153915068, 0.737812499999999982, 0.938164062500000062, 0.125722275489477120
0.263690977505824820, 0.828096967352398794, -1.000000000000000000, 0.052263324888337077, 0.677812500000000040, 0.950664062500000018, 0.074033237567803542
0.347253716523885203, 0.791925270633774381, -1.000000000000000000, 0.038154447869061539, 0.757812500000000000, 1.000664062500000062, 0.113087638365702695
0.206004841737643662, 0.975386282054295561, -1.000000000000000000, 0.036074085632150310, 0.797812500000000036, 0.975664062500000040, 0.091499967197316082
0.302154584635213719, 0.733928381767678828, -1.000000000000000000, 0.040487402981951630, 0.717812499999999964, 0.925664062499999996, 0.139768508589225793
0.273702488386356468, 0.837659504954092693, -1.000000000000000000, 0.043541399648790426, 0.687812500000000049, 0.969414062500000062, 0.107254762520174768
0.364380863158656365, 0.653097459014777004, -1.000000000000000000, 0.038502867969697437, 0.767812500000000009, 1.019414062500000107, 0.070214723984744792
0.226038459107372247, 0.884787317769028192, -1.000000000000000000, 0.040869128049435849, 0.727812499999999973, 0.994414062499999973, 0.132559476996584408
0.311941788153631827, 0.821530168968239050, -1.000000000000000000, 0.056590500750582515, 0.647812500000000013, 0.944414062500000040, 0.086780548202943647
0.164630132324991990, 1.010840369700630292, -1.000000000000000000, 0.041528703040924660, 0.747812499999999991, 0.956914062499999996, 0.096476044119135115
0.292682433285208488, 0.827101315473811716, -1.000000000000000000, 0.047365653922937637, 0.667812500000000031, 1.006914062499999929, 0.063158396417976534
0.252882290643403729, 0.952823312264184152, -1.000000000000000000, 0.044259267381060285, 0.707812499999999956, 0.981914062500000018, 0.119237725678860679
0.333853779144223983, 0.743526317301821393, -1.000000000000000000, 0.032343310243931146, 0.787812500000000027, 0.931914062500000084, 0.078059414802536975
0.180452469854948061, 1.018920714330889377, -1.000000000000000000, 0.054618727195068772, 0.660312499999999969, 0.983476562500000040, 0.127397782922678088
0.295035048877283490, 0.651128586196728310, -1.000000000000000000, 0.039620388652428187, 0.740312500000000040, 0.933476562499999996, 0.083401426230389250
0.255685118156364855, 0.819527843672744671, -1.000000000000000000, 0.037386954854435654, 0.780312499999999964, 0.958476562500000018, 0.103078401201904979
0.336980333557813483, 0.777502550818095717, -1.000000000000000000, 0.042134724629092998, 0.700312500000000004, 1.008476562500000062, 0.067480653717536629
0.276125639118545096, 0.763983457272434219, -1.000000000000000000, 0.034838818012838613, 0.760312499999999947, 0.970976562499999973, 0.114594763319869911
0.369735129767528259, 0.726192782256891545, -1.000000000000000000, 0.048051527969465720, 0.680312499999999987, 0.920976562500000040, 0.075019882451264702
0.230039681185308764, 0.968391129537619411, -1.000000000000000000, 0.051681580677977165, 0.640312499999999951, 0.945976562500000062, 0.092719392112907778
0.314471887392650917, 0.756297777399590809, -1.000000000000000000, 0.044886670023197704, 0.720312500000000022, 0.995976562499999996, 0.060699090392527320
0.266252141332142866, 0.886042438501047691, -1.000000000000000000, 0.041835268901736590, 0.750312500000000049, 0.989726562500000018, 0.079099716763536068
0.351070993314968938, 0.707944101701482809, -1.000000000000000000, 0.047743274596421449, 0.670312499999999978, 0.939726562500000084, 0.120826813172823802
0.211851862297203097, 0.849748214592085271, -1.000000000000000000, 0.044598607691933988, 0.710312500000000013, 0.964726562499999996, 0.064000111716680561
0.304561249946484758, 0.792113514578293931, -1.000000000000000000, 0.032664351724816174, 0.790312499999999973, 1.014726562499999929, 0.097761785475772925
0.243921821204045763, 0.867668542261300746, -1.000000000000000000, 0.043915165765958886, 0.690312499999999996, 0.977226562500000062, 0.087937077171300213
0.325104401147514599, 0.833337744795291879, -1.000000000000000000, 0.038806331233619561, 0.770312499999999956, 0.927226562500000018, 0.134326104176885536
0.285634875707942049, 0.834949194854349930, -1.000000000000000000, 0.041205009036780454, 0.730312500000000031, 0.952226562500000040, 0.071150479335167507
0.403291509611778343, 0.643416458693826909, -1.000000000000000000, 0.056932115723574837, 0.650312499999999960, 1.002226562499999973, 0.108684152428598788
0.280908845778367000, 0.795892422552596179, -1.000000000000000000, 0.046024684882300895, 0.705312500000000009, 0.936601562500000040, 0.095207212548137146
0.382926085946037387, 0.744304856634843248, -1.000000000000000000, 0.033720079383465433, 0.785312499999999969, 0.986601562499999973, 0.062327751172512567
0.237333733236213124, 0.901810662828880782, -1.000000000000000000, 0.043107296212790455, 0.745312500000000044, 1.011601562500000107, 0.117669537511770186
0.319671481740222863, 0.702027010324161038, -1.000000000000000000, 0.049353125473647702, 0.665312499999999973, 0.961601562500000062, 0.077032794662590331
0.199229255654579607, 1.085443743195252164, -1.000000000000000000, 0.040527629175274513, 0.725312500000000027, 0.924101562500000084, 0.105844171631337830
0.299767324993614748, 0.786629192899269580, -1.000000000000000000, 0.056241872790483614, 0.645312499999999956, 0.974101562500000018, 0.069291275481500422
0.261080937036937799, 0.805576752362385129, -1.000000000000000000, 0.043161000813224687, 0.685312499999999991, 0.999101562500000040, 0.130816084105800590
0.343655176345960545, 0.765443359417198321, -1.000000000000000000, 0.038194604809489663, 0.765312499999999951, 0.949101562499999996, 0.085639229647505838
0.221730475882864653, 0.812152915698235445, -1.000000000000000000, 0.034952466603108683, 0.795312499999999978, 0.942851562500000018, 0.073059568819391518
0.309450129870486201, 0.781945002838391190, -1.000000000000000000, 0.039103574544314269, 0.715312500000000018, 0.992851562500000062, 0.111600334785232361
0.271252449832669662, 0.871981866281561380, -1.000000000000000000, 0.050780302279203438, 0.675312499999999982, 1.017851562499999973, 0.090296579888215142
0.359561224365610721, 0.695421623566256031, -1.000000000000000000, 0.036912033076972189, 0.755312500000000053, 0.967851562500000040, 0.137930304111124336
0.249996000873191182, 0.887730634173410582, -1.000000000000000000, 0.050259596048491284, 0.655312499999999964, 0.930351562500000062, 0.065717344564711219
0.330842020359322309, 0.704574422680288026, -1.000000000000000000, 0.043802262359505607, 0.735312500000000036, 0.980351562499999996, 0.100384901979761298
0.123230121156256422, 1.214506638497235169, -1.000000000000000000, 0.034158841374210221, 0.775312499999999960, 1.005351562500000018, 0.081222097932143675
0.290333936146856875, 0.870625577623699853, -1.000000000000000000, 0.046815099103648526, 0.695312500000000000, 0.955351562499999973, 0.124068803959054855
0.249812567838317179, 0.846421736096157895, -1.000000000000000000, 0.035599919761781146, 0.783281250000000040, 0.991777343750000040, 0.068210441637787181
