# Omega_m, sigma_8, w0, wa, Omega_b, little_h, n_s, m_nu
0.317928425899608347, 0.772028647163799930, -0.866231595464931337, -0.588199740428786089, 0.043496623583254866, 0.684661103416196348, 0.979471810079628247, 0.094828769239001839
0.395417600816688308, 0.593648012021866123, -0.779342201017801828, -0.774701676444971010, 0.050396613017273426, 0.680359441302571533, 1.007383323153536292, 0.104959174501128058
0.198455764034672855, 0.646279531950281649, -0.677363264896059136, -2.181201713641680584, 0.049808714990082964, 0.663343870014357240, 0.928200893387219339, 0.075722978765875609
0.266925074115965277, 0.919449968331148004, -1.289604415316274677, 0.818006237712221695, 0.038898795791391230, 0.745538406806785736, 0.947639933889716013, 0.117576179350006318
0.298026501693947066, 0.813751893113891178, -1.217239805063136338, -0.195385375494622426, 0.034772045516560317, 0.779228547410822481, 0.953074469051394368, 0.066925670061927248
0.488285952547384217, 0.725074841428822614, -0.892092190433967924, -0.417889546759940222, 0.036168279004455177, 0.756011695046014953, 0.930986442326919628, 0.099732839640777962
0.262161117714342196, 1.024904105702973300, -0.597881450827628447, -1.323294239895941526, 0.057418097511981347, 0.646733239113769121, 1.010607439017537690, 0.075116634042807995
0.398305777344539758, 0.539689782200659773, -0.754134760637088841, -0.115075780286353568, 0.035608608642761608, 0.795752914782386522, 0.960694059130968281, 0.093919279744676967
0.386176607449357112, 0.787859985949316610, -0.650693295017749085, -1.074718484402810592, 0.031543619249383474, 0.799634791370431919, 0.996906772907186323, 0.068737022831701952
0.381991011741483866, 0.797000885110712320, -0.373394148851021179, -2.637044361636017520, 0.042178721088118931, 0.719000891345685789, 0.961673058927518976, 0.072058074396252503
0.463248172648029477, 0.589569012806810733, -0.728025204954406813, -0.232140566295481188, 0.034873717188558168, 0.786017737590034682, 1.009246742918581186, 0.087252457549436668
0.193673032366403819, 0.921514837883350424, -1.089171558035104237, -1.438960400086601421, 0.045209290861320583, 0.693817488459261722, 0.958288103468158292, 0.070749042953641095
0.459275566868378893, 0.633591306429219459, -0.642577901290073639, -1.388369417065325351, 0.035806116054016693, 0.775809753938392355, 0.953489742898886439, 0.061634089829805519
0.328911114855247877, 0.836417999438857196, -1.086608474262253932, -0.201236713625319807, 0.037848603792862971, 0.797554381939683199, 0.968050914331465506, 0.068436987029392340
0.245100353838564988, 0.710182525766864359, -0.740801044139638099, 0.075449752060247066, 0.047291667226390000, 0.684676966515040175, 0.961075070079763005, 0.124888055686249472
0.362744740705038926, 0.774052959569204835, -0.834769963106109514, -1.644201256005840550, 0.034660985352883422, 0.776934563349292895, 1.016450439971238406, 0.115272936394977737
0.157617331558511181, 1.249355071057713484, -0.646673877477064618, 0.051051578763633199, 0.038034774191799563, 0.738390966767691781, 1.017477563472471092, 0.086308761981109830
0.415283704945379362, 0.721607122145414670, -0.794183763491796979, -2.574217358718961179, 0.039497673569110311, 0.774605143916614391, 0.994268196414788363, 0.061787905997677132
0.242232481027931629, 0.974504293010745148, -0.744404245827524624, -2.017946607675614068, 0.035769046486490284, 0.794666902283739041, 0.922530118183296555, 0.060828037060917696
0.164501226181195170, 0.927197973537370879, -0.581467927295832632, -1.648482418123361049, 0.039208987621450107, 0.736054081149403627, 0.982475626949562031, 0.098142364219506617
0.377637065872187150, 0.493091502363804168, -0.483871173498321816, -1.931886396916338899, 0.037079188017998053, 0.781105135420721020, 0.928435682755880509, 0.061884561491120774
0.126179636557534364, 0.989548901072218601, -0.521880928919244091, -1.677948196585397289, 0.050339098023642337, 0.683112592127757434, 0.986846472679215991, 0.111488633278611041
0.307177195273931058, 0.772535034140541477, -0.724121441426593848, -2.555375869738227834, 0.036516801498075645, 0.791430502640073530, 1.003524209888065677, 0.132875537741036470
0.185599701947020190, 0.943882309260767438, -0.787012308179829478, 0.780565280910987314, 0.042643203154423451, 0.691205901290995683, 0.997701867654757879, 0.068722514563168913
0.187191128546218832, 1.179512021662172394, -1.044197438465830352, 1.182897701804676238, 0.039311924366598278, 0.717156053438174457, 0.969387135291708391, 0.103704083325343199
0.320796412101732376, 0.913765601375855940, -0.998178153132386559, -2.317210754700541386, 0.040503878174569546, 0.748560948640806911, 0.994189596673032416, 0.136264805285339602
0.414273373279268053, 0.529106343883247066, -0.737509742779176691, 0.163074506026417376, 0.042922406543340265, 0.688069605541704821, 1.018989970058808758, 0.134020788542658809
0.197842310869847438, 0.813605158487036517, -1.009367432024005362, -1.826302093523421100, 0.044546904925534245, 0.720869502409698160, 0.979350982674949688, 0.064755767795631483
0.404955521797523976, 0.760914214118962540, -1.169311413572382552, -0.878740630998523287, 0.049677074147160362, 0.661079971915453424, 0.954853555886887362, 0.090314009469165554
0.185953215306948055, 1.201926136655051325, -0.729023593547261539, -1.293934463430513659, 0.036135677043898022, 0.765584240429738938, 0.998388688696607685, 0.114150939903920792
0.404360841836003626, 0.706452295986939593, -1.025877161122407122, -0.133935029619984880, 0.039350028286313100, 0.719484460109841240, 0.988863807910402737, 0.083466791476619853
0.364062523479246891, 0.664497803827558853, -0.761848576821191004, -2.613855407996308333, 0.051807288907303350, 0.666546592824372564, 0.939724984533427121, 0.064563916975163227
0.412332225689457488, 0.583854731293136808, -0.610645964252671369, -2.790476886229246389, 0.050513273125956867, 0.678398884032135108, 0.957249285606708633, 0.093791012980439084
0.136628567485321734, 1.236181307740537916, -0.813727841939242413, -1.633833590765948252, 0.041616583522719255, 0.715428846742805047, 0.931753263057625403, 0.125937415791133239
0.310956374326518348, 0.751451091278891758, -0.518283235148749633, -2.874312636706300772, 0.044768580945534132, 0.720838670271970461, 0.922157948005046135, 0.090143177394295393
0.221835727499599733, 0.637084842424115227, -1.083720968184472611, -0.020031345973361536, 0.043630526745717171, 0.700153258925321320, 0.925787000456508191, 0.098216102210532688
0.345645023248810801, 0.780983618639461419, -0.739884324568649943, 0.300508905117088609, 0.048336592500629057, 0.690879741673369852, 1.012294697126773890, 0.117319132597416192
0.214540120935400175, 0.933038463898489989, -0.682498070331895246, 0.174304361252608953, 0.043483528886989711, 0.697165623838682080, 0.977034113228584244, 0.112038031093355195
0.333886902368869309, 0.801140192483185354, -0.796763845185052499, 0.509604367936166369, 0.033240049437981339, 0.792182866299648070, 1.000725023952226511, 0.061641610056259469
0.476733690608926231, 0.740468559652621705, -0.927764912670432373, 1.209383347427392952, 0.034953340733860007, 0.773967460571318489, 0.951063660429014468, 0.110972126989193245
0.166842250927028646, 0.901341980219832029, -0.914665604792541220, -1.701958397647586496, 0.047584514145158185, 0.665191166911645260, 1.019738123255238493, 0.074069115462242013
0.176466757723988538, 1.167944352727400936, -1.015132904899999744, -2.990601169351210231, 0.044856071912729792, 0.687169852524339486, 0.990992272832441179, 0.130095268456380253
0.150185225208948114, 1.122989411978214891, -0.466655153888434704, -0.756724629433324747, 0.045255590475836445, 0.720870565396879326, 0.984314686089510005, 0.139697358606046734
0.429499156521329750, 0.598202350320925280, -0.647711440491809953, 0.029824800471094148, 0.050759032870405958, 0.673437816546410661, 0.924251424942385880, 0.077787246479210578
0.194588261928526601, 0.747968359507807934, -1.017898819804638366, -0.214273289286531887, 0.037717540333754435, 0.784321660803604548, 0.961359604309424354, 0.089015766147145320
0.406773606103670970, 0.665279350972558747, -0.400117624386796322, -1.339674702917834637, 0.045791335038891517, 0.675108301253219190, 0.981566051728585354, 0.097524734103849417
0.135649518774581451, 1.078879698809946275, -0.480063732718217340, 0.049962149108547127, 0.038526834680242657, 0.746476888854073373, 0.935470229665170461, 0.081879353737743577
0.109962811575618741, 1.299305900976756689, -0.767289322806945395, -2.625000125741715706, 0.053329907635684168, 0.663438803449320158, 0.929860698125511531, 0.096888672575956153
0.262989427392319786, 0.909035549259172959, -0.958371646446999792, -0.076737871298737506, 0.035362576189312128, 0.795386651682577939, 0.973823981498029290, 0.090910893601641424
0.299155096019470934, 0.993354271572562064, -0.483978487421405701, -2.447468400369833486, 0.047479592247445586, 0.702297910167503647, 0.965043368998500739, 0.075117175676316650
0.477720451690778813, 0.461911263761219548, -0.810951707217494322, -2.735794024151395831, 0.034920443684473716, 0.770920411310506370, 0.975575671341254558, 0.081888733904632638
0.312958224070911728, 0.654783388633527919, -0.797812745302612925, -1.167506809751225783, 0.051484749148693082, 0.659284503765926733, 0.965321657041884107, 0.097123356685166529
0.321533908665376789, 0.946402474299819052, -0.599455809659706573, -1.804826654184201962, 0.047080479275180581, 0.703035069346807595, 1.016189469127492417, 0.099551735884783041
0.401924493562700158, 0.756931673011310924, -0.512268972777956355, -2.797633405015099939, 0.039156028042702559, 0.745718614279013536, 0.935288492349323874, 0.133797207992529921
0.149001512091093302, 0.850728519864946353, -0.460657034513819341, -1.649101163525325653, 0.042518382880593543, 0.743000125163202130, 0.924388249648445348, 0.063097458525992134
0.405269251783930362, 0.635663708924346205, -0.419450070227791239, -1.831519795081802737, 0.040136174044789266, 0.724848344829960523, 0.932256060015591137, 0.099548593186219642
0.391111393442914457, 0.689127038356007304, -0.716111526986063840, -0.639882651365533128, 0.041439864867734134, 0.747967199851686360, 1.015731259044655665, 0.124223450308846184
0.301673303349075106, 0.982370901743361835, -0.392831765525720189, -1.629878970503306990, 0.036337171503266409, 0.788269292948019951, 0.964548722633295164, 0.081889854935039738
0.341105886803882097, 0.750702905667202214, -0.802504887880997497, 0.321087509129558191, 0.047193668653754545, 0.667956303098197979, 0.986705795758689108, 0.109172512807228089
0.156998675285496825, 1.242453377446671503, -0.542549318256974500, 0.257718439101581875, 0.032381987773236059, 0.790665633658381495, 0.942254052721110069, 0.114266433778604959
0.116056276697645427, 1.564761185837903135, -1.166654814583804489, 1.698440820349789604, 0.039786983095086680, 0.737568721297296448, 0.939442329819785482, 0.064219878251950552
0.406888334660424622, 0.563003488376758954, -0.395536319194256469, -1.180741311328871168, 0.036442504090527121, 0.784578628585811066, 0.987142642609586951, 0.088990228182751777
0.239305155527653163, 1.111589610671870343, -0.743606300346089988, -1.672227530567675702, 0.042508534676973853, 0.752581950278869538, 1.012842063288059036, 0.107497847928509221
0.160949015294539116, 1.241191422573697745, -0.560044031893073058, -0.781024113532409192, 0.032268031834047223, 0.789475524908745840, 0.926844413425489289, 0.060121691998710494
0.474868158536117746, 0.580445844135262567, -0.395560277729786192, -1.555771537593351184, 0.051931815666072641, 0.672562037009475699, 1.017609129957694813, 0.070125695112593173
0.198335006900614508, 0.763393334448376648, -0.736530593065299888, -0.651522579655214540, 0.036715037766475264, 0.741624295917108212, 0.969279737711478906, 0.138985241293921175
0.148780024810097167, 1.322955134385335407, -0.826648706510329623, -2.506207216332057897, 0.035226988124126224, 0.785010434153481040, 0.940541625756164290, 0.082391079177754817
0.292201256264391807, 0.731517704043294748, -0.604729809242468441, -0.251260547665236977, 0.045865150986851247, 0.695040538408158270, 0.935146130208510895, 0.099362415874422905
0.239199758547073649, 0.602274707821380484, -0.604034955662906325, -1.137997869327717071, 0.046379835473699997, 0.675154485230217594, 0.987299640438684012, 0.090680027186953630
0.342709624850577599, 0.807300958025985338, -0.901107555054630804, -0.192525983093054465, 0.050509542444931485, 0.657287132341833780, 0.930619609489867883, 0.103696649176705125
0.336015521804170436, 0.627342542094447952, -0.465385189197636662, -2.940494815857698896, 0.034750073069189813, 0.778186141841811119, 0.947597408834310428, 0.065902381407256211
0.428650348476921850, 0.672634954528294360, -0.713254164696341397, -0.425597606986243715, 0.037796316487268604, 0.751904116918175824, 0.950197798997332033, 0.083747981235914315
0.279495176779895882, 0.749176015669825612, -1.033151301290640145, -1.434382301679353322, 0.047000183358496969, 0.691653277283718060, 0.971919234716149716, 0.128928306816263466
0.345250114890430893, 0.897992148935357615, -0.501285010846662882, -0.503322340445315319, 0.051421262514999566, 0.658793832957963343, 0.970968571224157251, 0.112145011053272112
0.202090518830643773, 0.657568196701172281, -0.784434737690315687, -0.862815506166228596, 0.049950345791646637, 0.656859417278698010, 0.960364361266172084, 0.136832997640277232
0.181388801584160320, 0.994177450759714421, -0.696096806006253344, -1.686413243113030980, 0.048945062289032344, 0.689755746593704533, 0.930769079032272018, 0.134324057479559944
0.443839713301293459, 0.635494082583572872, -1.098310029581329950, 0.191265030632581490, 0.043886008980027390, 0.724343047711630605, 0.935094969808599075, 0.129789983422449601
0.347140410081062945, 0.867247872728142077, -1.250839761499720204, 1.721138406343206473, 0.051335797816505373, 0.651986635145323956, 0.991323995178605255, 0.061152432417505266
0.376476768199218881, 0.643818611896449178, -1.210985969504127846, -0.530215053054372110, 0.038802950596303787, 0.778854527990706313, 0.948190288304499029, 0.139420787659887468
0.406793298139631943, 0.735155771347618892, -0.511985868680020051, -2.774547674337773273, 0.051226792685143671, 0.654524643126977890, 1.000739880814493610, 0.063677630524735171
0.266032044279337632, 0.653369817728128410, -0.713043802859488762, -0.783395418780628905, 0.043802834590168864, 0.710318425221239558, 0.923546607075696802, 0.063366643540536685
0.227448692252257501, 1.074195837080915483, -0.984653089812408289, -0.415328000986289914, 0.035212229824477186, 0.797190368137812189, 1.003742783180293419, 0.136151465178037306
0.378672150237080563, 0.759054621697641818, -1.304189568232720031, -0.097044642853444607, 0.052195437275976392, 0.674613356103334061, 0.988276542274967085, 0.096327708352210814
0.257024388999022801, 0.581720026168571103, -0.874443830730506022, -1.716751928076563516, 0.033114471566939120, 0.785137284443181649, 0.927735437787590822, 0.076767086081118194
0.201969596226216408, 0.724545782155359031, -0.350441598589941394, -1.696462003341770108, 0.040411052547799829, 0.721134810370346324, 0.970647508103277712, 0.066857145604131682
0.280186104961514970, 0.788259833979982671, -0.774625093003203813, 0.272456225429551058, 0.048015652978828517, 0.666625687353131435, 1.005124015386400060, 0.115845098654071291
0.276592141440306305, 0.936351899152773171, -0.798523905719311311, -2.644073512706423656, 0.040451805419931049, 0.725727060938696433, 1.016630657730770881, 0.119424629325905918
0.257061550484220414, 0.962760598591985706, -0.638415500854948803, 0.682448315594433197, 0.044193016045188147, 0.719187322325823719, 0.985705424151005483, 0.115137763487007924
0.385225532466344500, 0.805937046926158751, -0.413671845741906796, -1.311281345342514726, 0.043035455440964140, 0.741103371725099103, 0.992478085747687810, 0.105676117804876568
0.372113117443932606, 0.517502115973969889, -0.901857582529150825, -2.298843992022364446, 0.033383932550777248, 0.778017832152362976, 0.967053703699878531, 0.107720861773709473
0.150631590774017415, 1.309363376438712478, -0.920263105729761222, -0.113203101940131445, 0.040487493824864461, 0.713244353358953198, 0.999839143772698780, 0.065141018467261655
0.327597760307548336, 0.807243679680610726, -0.604574984604978827, -2.153201982287602068, 0.047723097131084302, 0.690051076206907199, 1.019331829356099339, 0.123079555292878728
0.421327881839860363, 0.693420117149228021, -1.104874725821377801, -0.082862583869169670, 0.032145895011418117, 0.790334222773799278, 0.944869954912713639, 0.091659630281425875
0.260490533645607925, 0.814496746901502533, -1.069944488786764847, 0.901105274206530860, 0.042976982688683794, 0.704770414499886422, 0.923671241999707959, 0.136688716231690682
0.295690153621510188, 0.875804720742575205, -0.742346958938622903, 0.422102666694953665, 0.036998341543620007, 0.749888234479513804, 0.928239951517774942, 0.072872451945025465
0.361156953261810520, 0.766513433853079351, -0.450836700184347627, -2.902451202863351565, 0.052214498077319954, 0.661131483955021415, 0.971780685239736153, 0.086878244098454738
0.447732591254681012, 0.788250396621114735, -0.579122597436947162, -0.691836170994369226, 0.043874892891144435, 0.676886492141122176, 0.922484972081297316, 0.089589162540671341
0.225437372001213970, 0.802369719145118343, -0.661071143890658242, -2.728054910610477446, 0.046283994612032517, 0.681689932727596926, 0.969424915759999339, 0.076750861842794893
0.294442465061198422, 0.850742469588348982, -1.134988686729478946, 0.156897266852409345, 0.038966169235310821, 0.781075063411380333, 0.987645235520462794, 0.087480127729290716
0.347135635148269728, 0.810274560210263561, -0.527785755387168654, -1.567387041310292384, 0.037854579146601883, 0.790152428645269689, 0.923782576135362299, 0.075288748187413948