# Omega_m, sigma_8, w0, wa, Omega_b, little_h, n_s, m_nu
0.316611163949146401, 0.810093293676643067, -0.833198028110769817, -1.474485898416476370, 0.048888952327822109, 0.687318317339675078, 0.934271723384242803, 0.107369416964769121
0.383618708811959974, 0.788811676621351099, -0.433789232981590334, -1.977942917737649076, 0.047688732017935428, 0.699626009647367320, 0.939534881278979550, 0.115966628166701849
0.203889670111440491, 0.806204300840369759, -0.880190096521532683, -1.060513646406533450, 0.044393530609113628, 0.736549086570444267, 0.955324354963190125, 0.063060103626653305
0.269740848335304206, 0.766902441371069776, -0.497969334588176715, -1.483683302534452464, 0.035923270687467902, 0.748856778878136731, 0.960587512857926984, 0.068109409514865341
0.331742683882271905, 0.745594887795383743, -0.984073254216892734, -1.679698368000420938, 0.035197361925659039, 0.761164471185828972, 0.965850670752663842, 0.073563020002760202
0.402276774406204352, 0.725755962900476170, -0.604818298800545717, -1.871665219356894339, 0.034499097415431113, 0.773472163493521214, 0.971113828647400590, 0.079453308294287830
0.136009489955962598, 1.338419113707579822, -0.787810840556078418, 0.353845544383638133, 0.033826968071702337, 0.785779855801213678, 0.976376986542137448, 0.085815239758648881
0.282080162262437706, 0.617841736910454298, -1.305788948985805220, 1.703107341984964052, 0.050396607581421705, 0.651341985978728388, 0.986903302331611165, 0.100108116476975401
0.344678864075173286, 0.628987572858457744, -0.771014212750468997, 1.073480808084561922, 0.049105631579702470, 0.663649678286420630, 0.992166460226348024, 0.108123905746490043
0.419263072096450529, 0.622178543750123048, -0.963120895668731380, -2.404732430247074504, 0.047874407553508802, 0.675957370594113094, 0.997429618121084882, 0.116781529862912820
0.155510938920240926, 1.100067885079978325, -0.586189794292674260, -2.237838780274827855, 0.046699058759739571, 0.688265062901805336, 1.002692776015821741, 0.126132381391199588
0.231508444235290656, 0.966111173599162654, -1.089097537913430225, 1.340423267096282345, 0.045576027224172387, 0.700572755209497577, 1.007955933910558599, 0.136231967966943840
0.294366024327157472, 0.919297955682506718, -0.681292268513217669, -2.813573624982372401, 0.044502042292839869, 0.712880447517189819, 1.013219091805295458, 0.063503229258750946
0.358035790921747865, 0.903823994820307175, -0.862314371059450857, -0.573608352051801273, 0.043474092779363434, 0.725188139824882283, 1.018482249700032094, 0.068588016802315369
0.438095328210971080, 0.417497695357794463, -0.475104234947610893, -0.835671519113569738, 0.042489402242961820, 0.737495832132574525, 0.924022415905018324, 0.074079950008627729
0.172967722440587307, 0.807332679891667571, -1.175076647962809417, -0.042214765265291110, 0.041545406998789433, 0.749803524440266878, 0.929285573799755182, 0.080011629569314638
0.244553306794710101, 0.758490213093896637, -0.726368225326439187, -0.759956574724121925, 0.040639736518633722, 0.762111216747959230, 0.934548731694492041, 0.086418266556492387
0.459610468794361404, 0.693416651274349483, -1.021242757980311389, -0.137891483037031526, 0.031575901015040361, 0.799034293671036178, 0.950338205378702616, 0.108883696348206174
0.188966382744065936, 1.161397992270462698, -0.634917493721933290, -0.527249654869523798, 0.047961943642044501, 0.652288731540858646, 0.955601363273439475, 0.117602157902857191
0.257262657800760186, 0.567006538876829946, -0.816042134310789757, -2.006830096808648101, 0.046761324408395054, 0.664596423848550888, 0.960864521168176222, 0.127018718203502773
0.319110242587256454, 0.605538257918502909, -0.406491055694312597, -2.485090076967426675, 0.045615519388274441, 0.676904116156243130, 0.966127679062913081, 0.137189274939901934
0.485334600326983889, 0.592077032132311110, -0.748694150589809704, -1.803024271482448260, 0.043474545943884786, 0.701519500771627835, 0.976653994852386798, 0.069069987280508532
0.118298985770555087, 1.288539053121096067, -0.936421993776644590, 0.334126454542288620, 0.042473165587798276, 0.713827193079320077, 0.981917152747123656, 0.074600512500368713
0.206770226940493407, 1.044082227684632880, -0.560516310389449601, 1.765290986910684534, 0.041514122329352407, 0.726134885387012430, 0.987180310641860403, 0.080573874188162323
0.334302164963516724, 0.514527898795985039, -0.658326934186639012, -2.141915427369002423, 0.039713121657342858, 0.750750270002397024, 0.997706626431334120, 0.093993780183044662
0.405554146434386864, 0.546587160601750610, -0.838963714486144041, -0.036362430150272296, 0.038866665092715545, 0.763057962310089377, 1.002969784326070979, 0.101519986459891867
0.220748955711588368, 0.887334687695061519, -1.128934007670780781, 0.409180808828281839, 0.037271810098404752, 0.787673346925473972, 1.013496100115544696, 0.118428552525759859
0.284538947769978845, 0.839085498904012406, -0.703935660699579691, -0.133315739123610832, 0.036519827850137770, 0.799981039233166213, 1.018759258010281554, 0.127911283336687331
0.347312461609087242, 0.813647635792597024, -0.886230263928508011, -1.608457795005590274, 0.057651982771818204, 0.640059467859614983, 0.924299424215267673, 0.138153308943630787
0.422861094716865393, 0.793673440274662578, -0.505329833131006101, -1.977768190979417362, 0.056077673515168819, 0.652367160167307225, 0.929562582110004532, 0.064398843983749912
0.159143090554985212, 0.768060084931754594, -0.991263791892710078, 1.874986066974208665, 0.054579354994488065, 0.664674852474999467, 0.934825740004741390, 0.069555344582707998
0.296824074632543067, 0.715222745984249619, -0.793429002244781967, -1.385667918371132235, 0.042981488055328157, 0.689290237090384172, 0.945352055794214996, 0.081140069720310029
0.360769641611702718, 0.701429889070588342, -0.366039337491783134, -2.005723589268871621, 0.041988627997794688, 0.701597929398076414, 0.950615213688951854, 0.087637062402629876
0.442148397102443469, 0.679772014361493815, -1.265287087332263027, -0.308308134998612093, 0.041038095615999859, 0.713905621705768656, 0.955878371583688713, 0.094654277880661067
0.176269664867319320, 1.153621491586686698, -0.759848660360296302, -1.112078611232024228, 0.040127334281610826, 0.726213314013461120, 0.961141529478425571, 0.102233371081600077
0.247118455724481406, 1.050211344478326314, -0.949611320530734604, 1.175038252423412644, 0.039253984312851833, 0.738521006321153362, 0.966404687373162430, 0.110419332297748599
0.309155224630224656, 0.565704452932085378, -0.573483981731533032, -2.841138603257860495, 0.038415864694783454, 0.750828698628845603, 0.971667845267899288, 0.119260754253607978
0.374823004721267117, 0.587061078736391129, -1.070891534691524205, 0.709762799341023265, 0.037610956771984498, 0.763136390936538067, 0.976931003162636147, 0.128810120557389801
0.464349910551907552, 0.578701353330770774, -0.669857166255365732, 0.798543825968062837, 0.036837389672243058, 0.775444083244230309, 0.982194161057372894, 0.139124117249219303
0.192027227815413315, 0.971435985901141774, -0.850577329876242461, -2.738032731541878206, 0.036093427252773140, 0.787751775551922551, 0.987457318952109753, 0.060081841227443075
0.259773698695442201, 0.895588575649430063, -0.459115854788290645, -2.746126566274836200, 0.055112062434515670, 0.641006213421745019, 0.992720476846846611, 0.064892673706889309
0.321617428228398672, 0.862751762361606667, -1.151044674048071759, 1.695732073534930384, 0.053633961854849983, 0.653313905729437483, 0.997983634741583470, 0.070088715904820714
0.389664700436324951, 0.846337820632703686, -0.715171665656511357, -2.569229947779802625, 0.052226488398241615, 0.665621598037129725, 1.003246792636320217, 0.075700812072798607
0.491218677173218821, 0.459539597036831005, -0.898448543766063867, -0.349026594009074931, 0.050884941632340405, 0.677929290344821966, 1.008509950531057076, 0.081762276202395387
0.122945786677729957, 1.040373325353508349, -0.519705594539583204, -0.527162229009481065, 0.049605016188792032, 0.690236982652514208, 1.013773108425793934, 0.088309089780543040
0.209620410665303847, 0.871385532026316301, -1.005994364634240412, -0.731869164985307408, 0.048382762011087557, 0.702544674960206672, 1.019036266320530792, 0.095380115379414293
0.274688350627736222, 0.820567699025339770, -0.623003797291658890, -1.159603711687514860, 0.047214549231465397, 0.714852367267898914, 0.924576432525517022, 0.103017327348727705
0.144105928467287425, 1.409007152869274915, -1.201547726006322314, 0.352594219892083061, 0.036596307910470242, 0.751775444190975861, 0.940365906209727487, 0.129797875340510627
0.223470221598771945, 0.696223724161102564, -0.737538177917636761, -0.440783203837064930, 0.035850005943831899, 0.764083136498668103, 0.945629064104464345, 0.060504038501794651
0.286996266699567293, 0.690679675533147575, -0.923518333236674316, -2.008291584479656944, 0.035132258423574848, 0.776390828806360567, 0.950892221999201204, 0.065348676875312844
0.349963847021263930, 0.682093421019991708, -0.547255252174092988, -2.161727112054653066, 0.034441503074309252, 0.788698521114052808, 0.956155379893938062, 0.070581231849959569
0.426537235469712839, 0.665190287047326856, -1.037081111831797298, 1.430862233461646982, 0.052586863654524252, 0.641952958983875277, 0.961418537788674921, 0.076232764420968963
0.162700090265377656, 1.154052283034931792, -0.646685925680692386, -2.626634324735817039, 0.051204149770857070, 0.654260651291567519, 0.966681695683411668, 0.082336822678538715
0.236774021963399028, 1.026563472674821176, -0.827457128482067650, -0.481005858598711866, 0.049886759467241554, 0.666568343599259983, 0.971944853578148527, 0.088929640952812750
0.299283958923410809, 0.990430532616184967, -0.424932188422677881, -0.563635924786585640, 0.048630378263085201, 0.678876035906952224, 0.977208011472885385, 0.096050354904665972
0.363527206259916746, 0.461156502575082783, -1.108375829983276217, -1.850135881492538381, 0.047431052266408778, 0.691183728214644466, 0.982471169367622243, 0.103741233839092520
0.446315710271304122, 0.503966959493844846, -0.692647055919511478, -1.790801020995221648, 0.046285152051717605, 0.703491420522336708, 0.987734327262359102, 0.112047931620234575
0.179517394126600005, 0.886974365828574807, -0.874192380564562055, 0.335987164165455932, 0.045189340728760463, 0.715799112830029172, 0.992997485157095960, 0.121019757677508957
0.311634375483510528, 0.787170217853436327, -0.976990027667397509, -0.088520872439286372, 0.043135933303005879, 0.740414497445413655, 1.003523800946569677, 0.060929202571684229
0.377721144819980759, 0.765975638378929125, -0.598661888603275738, -0.330711851670406176, 0.042172886937656411, 0.752722189753106119, 1.008786958841306536, 0.065807884394516444
0.469270116719997743, 0.738125003220751030, -0.782203400197159060, -1.846456204310960691, 0.041248986662189208, 0.765029882060798361, 1.014050116736043172, 0.071077208722482854
0.195047809914569104, 0.654554938928937013, -0.343516256053670421, -2.515195188865871678, 0.033435319776526272, 0.777337574368490603, 1.019313274630780031, 0.076768454817556134
0.324133478911425077, 0.668770943954417496, -0.773808798605389536, -2.969718883322141068, 0.050076289500730675, 0.642899704546005535, 0.930116598730503119, 0.089554552760645167
0.392748891372115438, 0.659187425705267005, -0.966552817090054583, -0.415372724512182434, 0.048788147457935867, 0.655207396853697777, 0.935379756625239978, 0.096725304227336301
0.497429806066062741, 0.629268991145482737, -0.589328695697552751, -0.772802615084696498, 0.047560084879154342, 0.667515089161390018, 0.940642914519976836, 0.104470227246583641
0.104317980013287875, 1.472021010336284297, -1.093809372947696090, -0.799502222048891209, 0.046388167915543760, 0.679822781469082482, 0.945906072414713694, 0.112835296493886073
0.198622504324126148, 1.147007301567247728, -0.684137932248404468, -1.266825393770319330, 0.045268789392901181, 0.692130473776774724, 0.951169230309450553, 0.121870167897806789
0.265269323757163555, 0.580186631218726823, -0.865269944260497414, 1.114627987915358220, 0.044198636251637724, 0.704438166084466966, 0.956432388204187300, 0.131628473402774143
0.396508318287099093, 0.612348004725386530, -1.181441153025309942, 1.403157708234274548, 0.042194054929607094, 0.729053550699851671, 0.966958703993661017, 0.066270318781589066
0.277648532382898050, 0.911315057160816067, -0.537095679495620870, -2.588032938482164536, 0.039487513730862352, 0.765976627622928508, 0.982748177677871593, 0.083498056078183003
0.339979924831218361, 0.886578765964106785, -1.025143935208449042, 0.906342099828836067, 0.038656359286777471, 0.778284319930620860, 0.988011335572608340, 0.090183855846384262
0.148765861489426110, 0.919522639878443071, -0.818888109043193535, -0.892852776178577723, 0.057676940822557095, 0.643846450108135571, 0.998537651362082057, 0.105204343317151880
0.226707172480045960, 0.819800356444141842, -0.411198575745346850, -1.318118921365350138, 0.056107341288176286, 0.656154142415827923, 1.003800809256818916, 0.113628194209021482
0.289944043626716441, 0.783589012193933732, -1.239264253199216625, 0.098138341250687766, 0.045246381938819212, 0.668461834723520276, 1.009063967151555774, 0.122726553981522907
0.353170516225025377, 0.761665034019251230, -0.751482427240448447, -0.775408215910005527, 0.044158233747921605, 0.680769527031212518, 1.014327125046292633, 0.132553431452700321
0.431059897180179785, 0.738769922553009883, -0.939691265779045160, 1.874733238399338031, 0.043118156070996255, 0.693077219338904871, 1.019590282941029491, 0.061788514635694368
0.239901758819934030, 0.644453880478964347, -1.057841913766647046, -0.099459161367146220, 0.041170447159086111, 0.717692603954289465, 0.930393607040752468, 0.072079642700829089
0.302239178273740139, 0.655180638543951144, -0.661219250578080509, -0.566128164624152386, 0.040257506874611389, 0.730000296261981707, 0.935656764935489327, 0.077851155010169537
0.366869511503347345, 0.652154924409326875, -0.841856461578889048, -2.067587169803347003, 0.039381975908286355, 0.742307988569674060, 0.940919922830226074, 0.084084799942380023
0.451481515162054259, 0.634472871532717808, -0.446671466398122941, -2.428518414915791013, 0.038541680384555778, 0.754615680877366413, 0.946183080724962933, 0.090817581067698980
0.252719052081162021, 0.974698456966805904, -0.706749072893060548, -2.131715053579835040, 0.036958891941891614, 0.779231065492751007, 0.956709396514436650, 0.105943618047936228
0.314617239142514160, 0.943519790053294449, -0.889267080448621683, -0.010627428172987230, 0.036212801291931308, 0.791538757800443360, 0.961972554409173508, 0.114426663645118387
0.381242802656572344, 0.523301492735829155, -0.508965602091905112, 0.430164163350776008, 0.055165700091772053, 0.644793195670265828, 0.967235712303910367, 0.123588957921265855
0.475441476515635786, 0.530145514232496451, -0.994901392350674207, -1.871269281101019644, 0.053690698786506452, 0.657100887977958070, 0.972498870198647225, 0.133484889216343439
0.109491799154547237, 1.207667841349236548, -0.613961669667518972, -1.955007209561346215, 0.052285880626357549, 0.669408580285650423, 0.977762028093383972, 0.062222704765898064
0.201562190112189871, 0.959312143011277652, -0.796242616322321850, 0.219220856873520997, 0.050946596354841833, 0.681716272593342776, 0.983025185988120831, 0.067204959019951258
0.329703849601895138, 0.862182924991290456, -1.274700582157086703, 1.437455157445332921, 0.048447937925804381, 0.706331657208727370, 0.993551501777594548, 0.078398217896041969
0.399693005493347964, 0.847571396201271199, -0.762638523566465554, 0.745710833052804833, 0.039176638262803293, 0.718639349516419612, 0.998814659672331406, 0.084675666876961500
0.132642365605666362, 0.906354268790889650, -0.952957243443576352, -0.866776448677277100, 0.038330843861877260, 0.730947041824111965, 1.004077817567068154, 0.091455759499096179
0.215791861485466391, 0.798100621981111535, -0.576683831711616190, -1.267801739583567677, 0.037519123293448496, 0.743254734131804318, 1.009340975461805012, 0.098778743103495242
0.416437362746216511, 0.722359898733560879, -0.853499354888467399, -1.291715781401235663, 0.035269545253051898, 0.780177811054881265, 0.920158878946278014, 0.124457422004727952
0.152547451470038897, 1.280869262768152606, -0.463174661769247820, -1.755941460828190914, 0.034575930056958713, 0.792485503362573507, 0.925422036841014872, 0.134422892367427271
0.229382232250194051, 1.133471516751532571, -1.156855398049086325, -1.099171629380377047, 0.052668927932003715, 0.645739941232395975, 0.930685194735751731, 0.062659945965872238
0.292400459577025207, 0.517288160252188267, -0.717973997500351180, -1.466122695123552644, 0.051287721482726360, 0.658047633540088217, 0.935948352630488589, 0.067677210701016094
0.355864910413760560, 0.565922248328500577, -0.901533883427328653, 0.720710119157036200, 0.049971511285697434, 0.670355325847780570, 0.941211510525225448, 0.073096214458345340
0.170284795032028868, 0.991850787378950605, -1.009755309947544699, 0.266038817653016568, 0.047517339985661239, 0.694970710463165164, 0.951737826314699054, 0.085270685854892295
0.242491611079725056, 0.893635947596837288, -0.625996866643045657, 0.174445447538787768, 0.046371862405052221, 0.707278402770857517, 0.957000984209435912, 0.092098422433444349
0.455937409034333274, 0.430282665309086487, -1.208628461622770711, 1.755849751106091317, 0.043222850711541368, 0.744201479693934353, 0.972790457893646376, 0.116040474566063784
0.186487111679292772, 0.796157321239315818, -0.740327991638029315, -2.713824343772209602, 0.042259590807647948, 0.756509172001626706, 0.978053615788383235, 0.125331988816758666
0.255247232341110686, 0.755011404660436591, -0.926719204917550998, -0.386961082940275758, 0.034254307376470602, 0.768816864309319059, 0.983316773683120093, 0.135367486900626416
0.317110366940283162, 0.734728728710406176, -0.550599891894512306, -0.659938208494649237, 0.033588275162847070, 0.781124556617011301, 0.988579931577856952, 0.063100259675594628
0.384216350014374708, 0.717014500911790864, -1.041142634061836159, -0.768025579515907553, 0.032946763684036394, 0.793432248924703765, 0.993843089472593810, 0.068152780911747840
0.480835052965577936, 0.686611423844594837, -0.649607454664099304, -1.212633720649507474, 0.050186529638595545, 0.646686686794526233, 0.999106247367330669, 0.073609864204745523
0.114459341142073373, 1.513357249054866793, -0.830324599994361812, 1.441645386432706122, 0.048898321595899075, 0.658994379102218475, 1.004369405262067527, 0.079503903373472989
0.270236502491485897, 0.672811377378420117, -1.113386035121906259, 0.171686761528139720, 0.046497603416818231, 0.683609763717603069, 1.014895721051541244, 0.092745601383508222
0.332253584954993297, 0.670129860281689305, -0.695474872737378513, -0.386537112811615402, 0.045377609019311663, 0.695917456025295422, 0.920435887256527363, 0.100171864333282026
0.402927925257332786, 0.658770205481312821, -0.877186091333290063, -1.877846137811026495, 0.044306707387685648, 0.708225148332987664, 0.925699045151264222, 0.108192757977951401
0.136839220249449167, 1.213370521536174751, -0.494242710939991670, -2.193793326466893401, 0.043281870769359396, 0.720532840640679906, 0.930962203046000969, 0.116855895183597680
0.218555455255349251, 1.028622206354816937, -0.980518629388262064, 1.500580971779760464, 0.042300308630058341, 0.732840532948372370, 0.936225360940737827, 0.126212701241452563
0.282572068484736816, 0.974059763612162732, -0.601746415212379482, -2.580441470676147819, 0.041359445316112069, 0.745148225256064611, 0.941488518835474686, 0.136318719133821709
0.345204210995678162, 0.525574218044635000, -0.785005882063428917, -0.458000290221338147, 0.040456900157957623, 0.757455917563756853, 0.946751676730211544, 0.063543667485702518
0.419976685784808734, 0.548507810250310146, -0.349319219775170831, -0.185111317225237659, 0.039590469712608087, 0.769763609871449317, 0.952014834624948403, 0.068631692971574593
0.156243636171679162, 0.989205112065162373, -1.294894153938506820, -1.902621049553336441, 0.038758111884492991, 0.782071302179141559, 0.957277992519685261, 0.074127123386517002
0.232038149391266074, 0.877224165081475382, -0.768221103175431685, -1.625082610119354065, 0.037957931699423068, 0.794378994486833800, 0.962541150414422120, 0.080062580181953655
0.294857519486991737, 0.834754663240287242, -0.959711418577446795, 0.530005006967762871, 0.057697374314506798, 0.647633432356656269, 0.967804308309158867, 0.086473296852062648
0.438897244743005677, 0.790684689796171902, -1.084452502654685624, 0.229763542594193348, 0.044802478667508160, 0.672248816972040975, 0.978330624098632584, 0.100875775651980221
0.173632611680009485, 0.760154521677304351, -0.678441588423530084, -0.219424748153620008, 0.043733154477242450, 0.684556509279733216, 0.983593781993369443, 0.108953032406791758
0.245067376861830055, 0.729167482031527037, -0.859367601746831911, -1.702564494328498768, 0.042710756348364555, 0.696864201587425458, 0.988856939888106301, 0.117677045791343887
0.307175697046514096, 0.713904032890562479, -0.471167449566428975, -2.110558904082796339, 0.041732372728032603, 0.709171893895117922, 0.994120097782843049, 0.127099602464252448
0.189581885485357815, 1.127004681251367435, -0.907744056380952014, -0.849689826031335471, 0.039035515766540962, 0.746094970818194869, 1.009909571467053624, 0.069113970363790994
0.257765577892174580, 1.044208148597508101, -0.530211650799564005, -1.242638916846074748, 0.038208362267563939, 0.758402663125887111, 1.015172729361790482, 0.074648017367292901
0.319611007143864090, 0.573346208153607484, -1.017378384615115428, -1.390214052547219525, 0.037413713566005917, 0.770710355433579353, 0.920712895566776601, 0.080625182832601713
0.387227393334937775, 0.588643785342520598, -0.631953414371474342, -1.666974332603348596, 0.036649754398094293, 0.783018047741271817, 0.925976053461513460, 0.087080947840935105
0.486487333141123801, 0.573867010054741167, -0.813200965754201754, 0.593442823980459888, 0.035914799081659794, 0.795325740048964058, 0.931239211356250318, 0.094053634490604263
0.207342639630724940, 1.015155662836393136, -1.223446550478889172, 1.417643448362634118, 0.053143819399146364, 0.660887870226478769, 0.941765527145724035, 0.109718649311579167
0.272711649283539026, 0.949410781426789474, -0.745905782563798470, 1.208859382067498878, 0.051763532155666439, 0.673195562534171232, 0.947028685040460894, 0.118503966654151180
0.334815588717752244, 0.927742240823425934, -0.933170556954499020, -2.314365315824244540, 0.050447220743658025, 0.685503254841863474, 0.952291842935197641, 0.127992735974066824
0.406216242041924580, 0.519429567642950896, -0.557229866094215764, -2.283561332566891089, 0.049190750909714004, 0.697810947149555716, 0.957555000829934500, 0.138241283601398396
0.140919477749399030, 0.989566782786271193, -1.049398338608076298, 1.264428447711268610, 0.039690249254866784, 0.710118639457247958, 0.962818158724671358, 0.064439852529281111
0.221295006532625460, 0.860512692863323325, -0.655427699136757136, -2.808508340805821568, 0.038822778591261729, 0.722426331764940421, 0.968081316619408216, 0.069599636736709672
0.285030507709043812, 0.816065531175919734, -0.836077652063128118, -0.609000494631466216, 0.037990671430530649, 0.734734024072632663, 0.973344474514145075, 0.075172571688937512
0.347841281687585380, 0.791493326701411148, -0.438135036091295338, -0.856364031006190185, 0.037191873599737975, 0.747041716380325016, 0.978607632408881933, 0.081191738912452210
0.423589896774910935, 0.769822733606112752, -1.123660915638514668, -0.179013911423511529, 0.036424483640613479, 0.759349408688017369, 0.983870790303618681, 0.087692868815314323
0.159860336861285396, 1.360351632661081833, -0.701118963102432491, -0.786031360673064561, 0.035686739097611976, 0.771657100995709611, 0.989133948198355539, 0.094714552786607689
0.361319214774029451, 0.627568246520319395, -0.987654699173026063, -0.587894619912773253, 0.052125580765344126, 0.649526923480916785, 1.004923421882566004, 0.119336698319810919
0.442972416466731134, 0.615917470453531068, -0.607877901383154451, -1.000861095557157299, 0.050768947388765293, 0.661834615788609026, 1.010186579777302862, 0.128892145565402155
0.176923440828581940, 1.047691251485021402, -0.790618479045039901, -2.568690971558996949, 0.049475732780547205, 0.674142308096301268, 1.015449737672039721, 0.139212710108093274
0.247629960185080100, 0.948687280701323243, -0.360574641046514210, -2.981099314173161208, 0.048241792379437896, 0.686450000403993621, 0.920989903877025951, 0.060120100748408942
0.375400070711462031, 0.476541946526997995, -0.757059486894599787, -2.103912438085141723, 0.045936835786369951, 0.711065385019378216, 0.931516219666499667, 0.070133347704393556
0.465318893068012884, 0.505287798000782273, -0.946285390201905496, 0.074785863273972575, 0.044859112264163739, 0.723373077327070457, 0.936779377561236526, 0.075749017599584453
0.192634491427527865, 0.870678646854267324, -0.570267782033969328, 0.142884624320689824, 0.043827191526375327, 0.735680769634762921, 0.942042535455973273, 0.081814341609458038
0.260274869561869626, 0.812232349365160533, -1.066487789561290089, -1.971505212165604259, 0.042838339576891170, 0.747988461942455163, 0.947305693350710132, 0.088365324133600653
0.322119904597736262, 0.784188042408013652, -0.666984122420979042, -1.884917880239621368, 0.034649366364717743, 0.760296154250147405, 0.952568851245446990, 0.095440852491485664
0.390278135620669708, 0.763199534661538004, -0.847663013398615606, 0.241449881884027606, 0.033968111991811691, 0.772603846557839757, 0.957832009140183849, 0.103082927761681528
0.123856075541955768, 0.856465321583569583, -1.145353329153916855, 0.689747776533933599, 0.032680313464853131, 0.797219231173224352, 0.968358324929657566, 0.120251808049210873
0.210186948768137205, 0.764699016700335354, -0.712366870022562715, 0.214799518089263231, 0.049672690714494594, 0.650473669043046820, 0.973621482824394313, 0.129880529340978434
0.275182097379264579, 0.737648874778318420, -0.895375870344806701, -1.312917192752741435, 0.048407418291718581, 0.662781361350739173, 0.978884640719131172, 0.060542566873800031
0.337390734464970254, 0.720998299089048444, -0.516152641035829585, -1.716752001838285802, 0.047200554445334719, 0.675089053658431526, 0.984147798613868030, 0.065390290265014694
0.224011828573889321, 1.095781798449368294, -0.801879949703278805, -1.135470931885895984, 0.043894090469843050, 0.712012130581508362, 0.999937272298078605, 0.082389253951102540
0.287487612669105386, 0.578113965604881153, -0.381845415051084991, -1.679630474705949839, 0.042885973071276812, 0.724319822889200715, 1.005200430192815464, 0.088986270466705986
0.350496353055810672, 0.601766154247322715, -1.194665077801041031, -0.317127878359572568, 0.041920160787440881, 0.736627515196892957, 1.010463588087552322, 0.096111518818623648
0.427282335850889039, 0.599202784220741469, -0.734747490988670648, -1.018326440150599588, 0.040994150074650522, 0.748935207504585310, 1.015726745982289181, 0.103807295228524082
0.163402917314557056, 1.046896948103092306, -0.920333382532885991, 1.402879197779597131, 0.040105625884641415, 0.761242899812277662, 0.921266912187275300, 0.112119282632477668
0.237296884291466198, 0.931810218212795860, -0.543890074278810420, -2.736066931750418263, 0.039252444587690810, 0.773550592119970015, 0.926530070082012158, 0.121096821859657089
0.299776214348620396, 0.888452601787031004, -1.033061770012217329, 0.757786770736854853, 0.038432618692961197, 0.785858284427662257, 0.931793227976748906, 0.130793204524675216
0.364081683646466314, 0.869597990091794726, -0.643756438541726927, 1.943125087397654216, 0.037644303151613261, 0.798165976735354499, 0.937056385871485764, 0.060968001683955109
0.250180235894556402, 0.792374964029296858, -1.103445307376347273, 1.142364105934416951, 0.044937918095778011, 0.676035799220561673, 0.952845859555696340, 0.076817340208659435
0.378304688225353458, 0.745261735614080822, -0.871208654045844910, -0.760970072119257934, 0.042842381722872656, 0.700651183835946267, 0.963372175345169945, 0.089611580212183503
0.470277559030703007, 0.716610481412321310, -0.486691679927466980, -1.125058198722756586, 0.041862026275728603, 0.712958876143638620, 0.968635333239906804, 0.096786897942332598
0.195647294469351862, 1.200671692944217162, -0.973486681040284463, -1.229323184561613491, 0.040922977027551474, 0.725266568451330862, 0.973898491134643662, 0.104536752851791315
0.262775869661305228, 0.634297743110513124, -0.595564348128845844, -1.582164511220006675, 0.040022770753371149, 0.737574260759023215, 0.979161649029380521, 0.112907148892276391
0.324637820812310629, 0.644202649949908945, -0.779403192825627200, 0.898551337410110396, 0.039159131476748703, 0.749881953066715568, 0.984424806924117379, 0.121947773612753996
0.498715521059301115, 0.611638759322269410, -1.323337336716783774, 0.988104252459251486, 0.037533285198655821, 0.774497337682100051, 0.994951122713590985, 0.061396426039929564
0.100232948033415897, 1.462109369635000489, -0.775206707047464638, -0.176541736702913843, 0.036767317073172268, 0.786805029989792515, 1.000214280608327844, 0.066312519063721570
0.196364693105608751, 1.120522086241583226, -0.968277401691754691, -1.661980622473357094, 0.036030367678188381, 0.799112722297484757, 1.005477438503064702, 0.071622250156981287
0.263374959065088454, 1.047945809391783278, -0.590892802407819717, -1.882698398925493732, 0.056752346038025030, 0.640132294441317251, 1.010740596397801561, 0.077357138440478895
0.325243548936036964, 0.582174622105101069, -1.096191245331631370, 1.818763043363465837, 0.055211766959889476, 0.652439986749009493, 1.016003754292538419, 0.083551226812665635
0.394119741214430719, 0.592880432524511392, -0.685558953179243646, -2.349292551974296650, 0.053745316621636771, 0.664747679056701957, 0.921543920497524538, 0.090241284031890023
0.124940409299495431, 1.147049654833061316, -0.866751121651455847, -0.219530623594780816, 0.052348037819161738, 0.677055371364394198, 0.926807078392261396, 0.097467022979604745
0.210865295729280255, 0.950145500059379144, -0.480938601568098201, -0.083942169055676974, 0.042207987573198387, 0.689363063672086440, 0.932070236286998255, 0.105271336400196813
0.275774382101643178, 0.890164939647794751, -1.184683228650330378, -1.261512528869361383, 0.041242074371525113, 0.701670755979778793, 0.937333394181735113, 0.113700551516817627
0.338010824609792815, 0.863090454149273656, -0.730559393804423141, -1.535179574304238459, 0.040317104848496911, 0.713978448287471146, 0.942596552076471972, 0.122804705034639708
0.410373079704077548, 0.850686681054074745, -0.915584837011955810, 0.623225352773396191, 0.039430615554605045, 0.726286140595163388, 0.947859709971208719, 0.132637840163987386
0.224660623996882108, 0.716067187004260752, -1.027108714468062622, 0.219604564985237755, 0.037764152504239673, 0.750901525210548093, 0.958386025760682436, 0.066778499536891564
0.288077192714679575, 0.704152570857237814, -0.639346692158416774, -0.007325186489793634, 0.036980129805721254, 0.763209217518240335, 0.963649183655419295, 0.072125542302851647
0.351136368927822073, 0.692863488820016582, -0.820312968770204876, -1.579182331881794576, 0.036226459832590811, 0.775516909825932577, 0.968912341550156153, 0.077900729854023826
0.428180952468084852, 0.674417344680473985, -0.413527178133142770, -2.113231884341649991, 0.035501467803287196, 0.787824602133624929, 0.974175499444893012, 0.084138344309539606
0.300367060336896030, 0.535325914295486371, -0.941332750220569170, -0.829432766468794824, 0.051395318457163372, 0.665694424618831992, 0.989964973129103476, 0.106011081893802081
0.364748396152252408, 0.572135275408860222, -0.565411793855119416, -1.226981078943438774, 0.050083758573496458, 0.678002116926524345, 0.995228131023840334, 0.114499529410337017
0.448188061571562046, 0.571849731940110018, -1.059983819677758454, -1.413420950780475804, 0.048832226023993314, 0.690309809234216698, 1.000491288918577082, 0.123667658144663448
0.180930060598772924, 0.975671327172642378, -0.662662892451996943, -1.652746639449993449, 0.047636881755425985, 0.702617501541908940, 1.005754446813313940, 0.133569891070701829
0.250790565451459391, 0.889991928346694383, -0.843305419829202041, 0.544219691529356897, 0.046494197406298531, 0.714925193849601293, 1.011017604708050799, 0.062262327567545100
0.379006709787112372, 0.834304978379463602, -1.137026284104911245, 0.901545136736056074, 0.036701278847999397, 0.739540578464985887, 0.921820928807773887, 0.072632371100859336
0.471497327530703114, 0.440814870570844120, -0.708154611908998199, 0.685515495277966513, 0.035946579098582093, 0.751848270772678129, 0.927084086702510746, 0.078448141104119518
0.105579755425461885, 1.081491086836016136, -0.890789818634235120, -2.864668904463944621, 0.035221067877361512, 0.764155963080370482, 0.932347244597247604, 0.084729587502328355
0.199331193494472647, 0.868229972696541896, -0.510772762572655914, -2.619949341767950024, 0.034523128911518798, 0.776463655388062834, 0.937610402491984352, 0.091513997620240956
0.265866711352495899, 0.813430704444181973, -0.996731161017292200, 0.875081859756630220, 0.033851260832416880, 0.788771347695755187, 0.942873560386721210, 0.098841644428014311
0.397268222400746496, 0.765135380297080836, -0.797650647291651915, -0.905863670290417478, 0.050344296087614662, 0.654333477873269898, 0.953399876176194927, 0.115304121750451613
0.129368458502081507, 1.444301469405143035, -0.374048043993314372, -1.358115119112984992, 0.049058443629040514, 0.666641170180962250, 0.958663034070931785, 0.124536675257445731
0.213674603563885762, 0.673087841020703070, -1.279568562352336292, 0.379470440822676336, 0.047831896449078308, 0.678948862488654492, 0.963926191965668644, 0.134508491532894819
0.278239955099929104, 0.676903521249665685, -0.764033775020448780, -0.633621827756859379, 0.046660821211912361, 0.691256554796346845, 0.969189349860405391, 0.062699847198381509
0.149681571662581725, 1.174891277946404466, -1.077604239010503173, 0.073874712490537897, 0.043446622012232129, 0.728179631719423792, 0.984978823544615967, 0.078999399032895795
0.227350992869788382, 1.021676559703240228, -0.674155665377829227, -0.404376105032747235, 0.042464938753389275, 0.740487324027116034, 0.990241981439352825, 0.085324985382446539
0.290533559991762835, 0.975117020474736806, -0.854963341241429919, -1.888737930941024823, 0.041523703521719864, 0.752795016334808387, 0.995505139334089684, 0.092157069795975682
0.353815281746186816, 0.536148221040168904, -0.465188191254136074, -2.262465863151257750, 0.040620567936844022, 0.765102708642500628, 1.000768297228826542, 0.099536208243260274
0.167700053752104367, 0.969420006755214447, -0.719374302688959855, -1.980903427283132290, 0.032208860407359062, 0.789718093257885223, 1.011294613018300259, 0.116114367990080916
0.240524657565734129, 0.873089604744473835, -0.903081418809195458, 0.139419663315633824, 0.049186241579687658, 0.642972531127707803, 1.016557770913036896, 0.125411798984953637
0.302830755886795422, 0.834137188748636516, -0.524986564778932019, 1.033136509079506826, 0.047931297150303746, 0.655280223435400044, 0.922097937118023236, 0.135453687574529968
0.367542523208602145, 0.811790461388575579, -1.011648225878596818, -2.723422695486039657, 0.046734608908141892, 0.667587915743092397, 0.927361095012759984, 0.063140441295509886
0.452537860017125149, 0.790860525902839284, -0.627489645398363827, -2.192190312867051460, 0.045592374116968537, 0.679895608050784639, 0.932624252907496842, 0.068196179927105957
0.184105327698334376, 0.760141432711413434, -0.808947739663557819, -0.078379411588078263, 0.044501105138221343, 0.692203300358476992, 0.937887410802233701, 0.073656738236654348
0.315214943966507788, 0.715243512743432674, -1.212247773052870237, 0.866934539415221028, 0.042458905042071018, 0.716818684973861586, 0.948413726591707418, 0.085924567145032410
0.381953146969208124, 0.699912045863255616, -0.741722632265607640, 0.154011738352671124, 0.041502309561418059, 0.729126377281553939, 0.953676884486444276, 0.092804660863180150
0.476713980198260778, 0.671373921098881166, -0.928325753784486563, -1.313881991910137437, 0.040585304725904894, 0.741434069589246292, 0.958940042381181024, 0.100235652783591672
0.110701979260609817, 1.494590199941308706, -0.552264692503844579, -1.682468033254350459, 0.039705573738329031, 0.753741761896938534, 0.964203200275917882, 0.108261654053831341
0.330314712942507027, 0.648878041426259822, -0.831760554602959501, -1.127450702500000901, 0.037269355740262571, 0.790664838820015481, 0.979992673960128458, 0.136405525542982770
0.400464689835395793, 0.641711845526461655, -0.431596055127711042, -1.612049825574348505, 0.056787772419630962, 0.643919276689837949, 0.985255831854865316, 0.063584131463316249
0.133660776583777535, 1.195120979553619289, -1.115922192045108563, -0.849885881196054793, 0.055251321503257567, 0.656226968997530191, 0.990518989749602063, 0.068675396953385481
0.216457389375789483, 1.006169541720954186, -0.696887298258997201, -1.312869802667899766, 0.053788479310679559, 0.668534661305222544, 0.995782147644338922, 0.074174326803945728
0.280702354644224827, 0.948546373310832025, -0.878686787486343102, 0.989131180262876830, 0.043365114819747155, 0.680842353612914897, 1.001045305539075780, 0.080113563239437816
0.417280328954900304, 0.440474113634254649, -0.982292639798544975, 0.397125124669520213, 0.041384513731914853, 0.705457738228299380, 1.011571621328549497, 0.093456802576268289
0.153442091593220115, 0.868734875254301930, -0.603283914555642009, 0.807388447222010974, 0.040456973526441779, 0.717765430535991844, 1.016834779223286356, 0.100940012346040484
0.230021356190544535, 0.789491941648229778, -0.786408039051094687, -2.831731092718487552, 0.039567929844150557, 0.730073122843684086, 0.922374945428272475, 0.109022412617892181
0.435872151136916464, 0.717085723399188635, -0.769617485786512789, -2.208729459931425776, 0.037109935893115620, 0.766996199766761033, 0.938164419112483050, 0.137364052111313611
0.171093662986487816, 1.230037624443326649, -0.961413392329912408, 0.017258910953354911, 0.036353829067151372, 0.779303892074453275, 0.943427577007219909, 0.064030939458001354
0.243111044969276546, 0.597853168672730750, -0.584614897038895132, -0.076642200135971006, 0.035626438298851051, 0.791611584382145739, 0.948690734901956656, 0.069157981455064951
0.305297917877847047, 0.626910291731384017, -1.086766845777141555, -0.275999613711777059, 0.054279688643204912, 0.644866022251968096, 0.953953892796693514, 0.074695552484845523
0.370363820528239018, 0.630204140165053328, -0.679867569634106328, -0.814746117942157899, 0.052837661313960782, 0.657173714559660449, 0.959217050691430373, 0.080676524149877277
0.255852502440838681, 0.945289032189497447, -1.171951722194142453, 0.174985735404145082, 0.048904134960850665, 0.694096791482737396, 0.975006524375640948, 0.101649321468645193
0.317709807640852715, 0.912699120965838051, -0.724970371277412595, -0.543597150173676713, 0.047709966533207387, 0.706404483790429638, 0.980269682270377696, 0.109788517059935808
0.384935500158980204, 0.489888179537379731, -0.909305107653711531, -2.150878145357528748, 0.046568213947567202, 0.718712176098121880, 0.985532840165114554, 0.118579428805512005
0.482166797798441404, 0.507255135695695913, -0.531941350772224375, -2.272095857019115428, 0.037643425294026131, 0.731019868405814344, 0.990795998059851413, 0.128074240479678442
0.115623243913060364, 1.141981829295569018, -1.019306046920064102, 1.292963374160059464, 0.036854314904927341, 0.743327560713506585, 0.996059155954588271, 0.138329314280556087
0.205160966197939887, 0.927375192439179541, -0.633436606163025440, -2.739302945006352630, 0.036096224331866870, 0.755635253021198827, 1.001322313849325019, 0.064480887188647626
0.270831003246406965, 0.866122934218557128, -0.814620963189573111, -0.580727795493681587, 0.035367410724023433, 0.767942945328891291, 1.006585471744061877, 0.069643957095516004
0.332867314508156431, 0.837081363514619148, -0.404111411408279053, -0.755497035876508738, 0.034666256809972512, 0.780250637636583533, 1.011848629638798736, 0.075220440837482805
0.403712126858776721, 0.818939636433320128, -1.227300808182913983, -1.465356656842535354, 0.033991259953632488, 0.792558329944275775, 1.017111787533535594, 0.081243441007023784
0.137828752025450724, 0.841159960304133425, -0.747299990193544206, -1.587849719301710927, 0.051786057158684638, 0.645812767814098243, 0.922651953738521824, 0.087748710764969179
0.219215089652738754, 0.764295600776320083, -0.934794077539788937, 0.559728982367421635, 0.050437651231584765, 0.658120460121790707, 0.927915111633258682, 0.094774866075016978
0.345835523012769874, 0.721742626427404277, -1.051491081305126141, 0.205470908864294310, 0.047926299346591796, 0.682735844737175190, 0.938441427422732288, 0.110560004945640528
0.420836925052432753, 0.701670376016716557, -0.656878197249563756, -0.134259135745437241, 0.046755407118356497, 0.695043537044867654, 0.943704585317469147, 0.119412690746442451
0.157118682400918502, 1.230773269792464042, -0.837519863163830203, -1.646755421406157938, 0.045636279265519851, 0.707351229352559896, 0.948967743212206005, 0.128974222806126637
0.232672843509066696, 1.091497753711792473, -0.440288173917626202, -2.122614163875013560, 0.044565704318306643, 0.719658921660252138, 0.954230901106942864, 0.139301359382021706
0.439865198100808374, 0.599566707413782485, -0.884716101054238369, -0.825656807503792667, 0.041616832620531716, 0.756581998583329085, 0.970020374791153328, 0.070178007925053992
0.174427473585780368, 1.026748763417947297, -0.503501001697754802, -1.211717331121484165, 0.040713066507524792, 0.768889690891021327, 0.975283532685890187, 0.075797253823171942
0.245683565656173664, 0.927378911790416538, -0.989455736592930291, -1.327512679232176751, 0.032986753589802534, 0.781197383198713791, 0.980546690580627045, 0.081866440171255883
0.307769225625753706, 0.888431502087040581, -0.609403208105076422, -1.644558906450302782, 0.032363779368175902, 0.793505075506406032, 0.985809848475363903, 0.088421594296136899
0.373213840018472853, 0.872407277585600660, -0.792023367205947459, 0.707636065040317952, 0.049306783370717269, 0.646759513376228501, 0.991073006370100762, 0.095501628280347986
0.190318264751355271, 0.844770282726761801, -1.260730544731015756, 1.715669121398344821, 0.046853708826753417, 0.671374897991613206, 1.001599322159574479, 0.111407812347996557
0.258368604577181471, 0.791296243281724210, -0.758453999638356136, 1.840345572125772655, 0.045710523101666935, 0.683682590299305448, 1.006862480054311337, 0.120328383208647582
0.387955864746624357, 0.745264978898343533, -0.571877954686832890, -2.475401271651230140, 0.043573501273421390, 0.708297974914690043, 1.017388795843784832, 0.060581119780290786
0.487886113262479604, 0.713000637556536754, -1.068682709366609807, 1.055198445824447440, 0.042573550753571006, 0.720605667222382396, 0.922928962048771062, 0.065431930153710641
0.208027950476827650, 0.732084420939000835, -0.849119224559328645, -0.798164534218630872, 0.040697241800665411, 0.745221051837766879, 0.933455277838244779, 0.076329883871015067
0.273304959363372124, 0.714733971234166265, -0.457070200847898733, -1.171815514817871495, 0.039816084020790440, 0.757528744145459232, 0.938718435732981638, 0.082441718611381040
0.335432391622986048, 0.702273196435424962, -1.148184491612844527, -0.363351519648990706, 0.038970021313926767, 0.769836436453151585, 0.943981593627718496, 0.089042936041712373
0.407013758387616442, 0.685850965395268242, -0.713769588488722850, -0.987339274151313950, 0.038157075383941266, 0.782144128760843826, 0.949244751522455354, 0.096172721681155426
0.141882430669490939, 1.244524128976125521, -0.896910646638669040, 1.573161554182156863, 0.037375410143092730, 0.794451821068536179, 0.954507909417192213, 0.103873398685193644
0.285620309662757088, 1.023669542751527217, -1.004126072257450097, -0.383796271352931484, 0.055286335523593154, 0.660013951246051001, 0.965034225206665819, 0.121173935115512499
0.348476816784582422, 0.465579232610407512, -0.621503429259027129, -0.794925327783209790, 0.044567714651460970, 0.672321643553743242, 0.970297383101402677, 0.130876492340901790
0.424468644119218197, 0.514143334067361013, -0.803291541480252835, -2.304424202265047406, 0.043506811504478632, 0.684629335861435595, 0.975560540996139536, 0.061006825503116112
0.160717124506143588, 0.934098735939796754, -0.384400199877386495, -2.750017068441246160, 0.042492389335003357, 0.696937028169127948, 0.980823698890876394, 0.065891722696716795
0.297906158512541153, 0.802976325510576627, -0.736142955861141091, -2.047641444874547467, 0.040591692463036469, 0.721552412784512542, 0.991350014680350000, 0.076866256729495222
0.361979969441275584, 0.780410725271074024, -0.921923895897287182, 0.093025368366920103, 0.039700317061762400, 0.733860105092204784, 0.996613172575086859, 0.083021039553940371
0.443967374621011435, 0.756705499366745693, -0.545575267604872183, 0.419637904081057389, 0.038845180382722368, 0.746167797399897137, 1.001876330469823717, 0.089668643978237775
0.177705148115168604, 0.679147665410715473, -1.035066259961926249, -1.782096172766159059, 0.038024191060766439, 0.758475489707589379, 1.007139488364560576, 0.096848530879596079
0.248243116413653320, 0.685035635009015653, -0.645222193706907698, -1.856123428856091273, 0.037235411876015534, 0.770783182015281731, 1.012402646259297434, 0.104603320819845025
0.310245366384961974, 0.681240590439740168, -0.826025552584394918, 0.299012411468050354, 0.036477046049626642, 0.783090874322974084, 1.017665804154034292, 0.112979047045561748
0.466491416481982335, 0.648096149703900393, -1.105900835183612374, 0.636293725484569195, 0.054338551433091832, 0.648653004500488795, 0.928469128253757270, 0.131796166192670844
0.193361108424702055, 1.078369401089899204, -0.691231610877430458, 0.341453980330903573, 0.052899247179544931, 0.660960696808181147, 0.933732286148494128, 0.061435522675473933
0.260875837407119726, 0.997918124650730154, -0.872699288410780372, -1.273636847505268177, 0.051527908438073151, 0.673268389115873500, 0.938995444043230987, 0.066354746218575456
0.322723352896756188, 0.521646621983238745, -0.488591990308608670, -1.709091829266768281, 0.050220063292317652, 0.685576081423565742, 0.944258601937967734, 0.071667858495965617
0.101321550404740113, 1.308043577567753024, -0.780803024787279032, -1.485894848618005248, 0.038620069079840239, 0.722499158346642689, 0.960048075622178310, 0.090298748787095096
0.196960892837862223, 1.007309772996635600, -0.340568025345374337, -2.168311645259556109, 0.037794731676747788, 0.734806850654335042, 0.965311233516915168, 0.097529089013750611
0.263873875603041930, 0.932326019054611876, -1.311466637939703528, -0.170247202722370705, 0.037002370062088591, 0.747114542962027284, 0.970574391411652027, 0.105338372143772951
0.325748761342960547, 0.903023136722956532, -0.772411308773014338, -1.096834206309106108, 0.036241104333693437, 0.759422235269719526, 0.975837549306388774, 0.113772954901030190
0.394745734292593131, 0.486010635980638372, -0.964834009740961673, 1.180905998600223716, 0.035509191878477120, 0.771729927577411989, 0.981100707201125632, 0.122882905853572560
0.125837475646978419, 0.995558684787860471, -0.587761043307116204, -2.827254228369814104, 0.034805015255166043, 0.784037619885104231, 0.986363865095862491, 0.132722302625905092
0.211429350604034172, 0.846180533619635633, -1.091444927277803512, 0.759719411282370194, 0.034127071323158835, 0.796345312192796473, 0.991627022990599349, 0.061867232318388504
0.276267782941953421, 0.800532935340724672, -0.682715713345219299, 0.732796310514328475, 0.051872815713899192, 0.649599750062618941, 0.996890180885336208, 0.066821023423491999
0.338528193439540548, 0.775939323600628783, -0.863791039391722637, -2.790747061749347058, 0.050525580143033863, 0.661907442370311294, 1.002153338780072955, 0.072171471133285869
0.411052195283222288, 0.754515114673109499, -0.477058307466282028, -2.707679472118884600, 0.049241248844919309, 0.674215134678003647, 1.007416496674809814, 0.077950336266647297
0.146608449235289151, 1.361539793763920203, -1.178239385545591711, 1.766796547310644616, 0.048015714137194715, 0.686522826985695889, 1.012679654569546672, 0.084191922773221475
0.225200354127461366, 0.660790112511873584, -0.727765663909630045, -2.573253230626610488, 0.046845207854396671, 0.698830519293388241, 1.017942812464283531, 0.090933281365265378
0.288568486341960251, 0.667822447886284198, -0.912437765748184137, -0.327407691138080159, 0.045726267703901674, 0.711138211601080594, 0.923482978669269761, 0.098214429454562324
0.351670566526220807, 0.664020906714993142, -0.535383280595656430, -0.529376921979590076, 0.044655707483941258, 0.723445903908772836, 0.928746136564006619, 0.106078588699976287
0.428933605277676322, 0.649162225040210150, -1.023188669150140617, -0.701771548673176038, 0.043630590662196087, 0.735753596216465078, 0.934009294458743367, 0.114572441575752734
0.164939443937487995, 1.122594077946483360, -0.636396113335451541, -1.143105978366234954, 0.042648206885860809, 0.748061288524157542, 0.939272452353480225, 0.123746408483583231
0.238444941160879942, 1.000735802439456146, -0.817464506936418589, 1.843028390795446114, 0.041706051054996779, 0.760368980831849783, 0.944535610248217083, 0.133654947053398560
0.365305119621502972, 0.531403882331962674, -1.235206783326335600, 0.845806843801538477, 0.033140939817358703, 0.784984365447234378, 0.955061926037690800, 0.067290577175215124
0.449047329241638482, 0.543408043129350649, -0.750088288142931270, 0.018409472637726187, 0.032514308673536128, 0.797292057754926731, 0.960325083932427659, 0.072678622674848453
0.181568990128108732, 0.934963687672155319, -0.938054368571910269, -1.429880575884424410, 0.049421193000976082, 0.650546495624749199, 0.965588241827164406, 0.078498096102801146
0.251298677585241104, 0.856837949811729116, -0.562152631238511669, -1.763805073074686369, 0.048165248697366332, 0.662854187932441441, 0.970851399721901265, 0.084783542463815018
0.379593220054288694, 0.801325722483206548, -0.659773941519915974, -2.180432234731568553, 0.045823308970416136, 0.687469572547826147, 0.981377715511374982, 0.098904585807473355
0.472523046815465309, 0.776914781416854439, -0.840409236917600611, -0.075388337803418581, 0.044730124576464032, 0.699777264855518388, 0.986640873406111840, 0.106824006784729197
0.266364241713065997, 0.780764574160993874, -0.705342764457318805, -1.967828154828167309, 0.041724430793624215, 0.736700341778595336, 1.002430347090322416, 0.134594145207062504
0.328281039939558372, 0.757297132427418251, -0.887747243049334722, 0.145179017506304131, 0.040804845811632490, 0.749008034086287577, 1.007693504985059274, 0.062739773839600152
0.130237394939641038, 1.382373570690970999, -0.993078973593217174, -0.236824222648631399, 0.039075077677663855, 0.773623418701672283, 1.018219820774532769, 0.073189337988661618
0.214233235427994384, 1.168746297330365502, -0.612445049557773791, -0.591770019161412142, 0.038260801431995978, 0.785931111009364525, 0.923759986979518999, 0.079049705067162426
0.278732667358344843, 0.523879934641807488, -0.794835409978656204, -2.065155971363358045, 0.037477779103181688, 0.798238803317056989, 0.929023144874255857, 0.085379319487401711
0.341123857449543877, 0.575108100326836014, -0.368733378010679125, -2.627247099215671344, 0.056844663039182439, 0.651493241186879235, 0.934286302768992716, 0.092215754504566164
0.227886629118909612, 0.919394633119893778, -0.951281746911951109, -0.711477466493021904, 0.043642774318558848, 0.688416318109956182, 0.950075776453203291, 0.116188308468698029
0.291024829538355123, 0.871588549625708531, -0.575085921552304535, -1.105044433692828232, 0.042626293272419569, 0.700724010417648646, 0.955338934347940039, 0.125491659975472680
0.354353488000985317, 0.848301612289245277, -1.073114541090852914, -1.230972749717956560, 0.041653382468867649, 0.713031702725340888, 0.960602092242676897, 0.135539943140168206
0.432750648341545086, 0.437502751609437524, -0.671291445275100651, -1.544989359899028303, 0.040721399681555949, 0.725339395033033130, 0.965865250137413756, 0.063180648502682429
0.168383745879891439, 0.833913816178114331, -0.852037362257145992, 0.683596449807979623, 0.039827906872637195, 0.737647087340725593, 0.971128408032150614, 0.068239606578526915
0.303323889335027963, 0.749102082812009518, -1.153934692551827457, 1.047991962513499464, 0.038147548022132674, 0.762262471956110077, 0.981654723821624220, 0.079605190207694493
0.368104560617163845, 0.730617824499986579, -0.716573126896013712, 0.904743088117991423, 0.037356665849766789, 0.774570164263802541, 0.986917881716361078, 0.085979283057710978
0.453424344904698295, 0.705202906381785621, -0.899989607315164752, -2.608309139793412612, 0.036596212691384661, 0.786877856571494783, 0.992181039611097937, 0.092863757951343301
0.184734681451151017, 1.187735218541303484, -0.521472282632651551, -2.500748907341880933, 0.035864523939549302, 0.799185548879187024, 0.997444197505834795, 0.100299481853754216
0.253832713867732207, 0.590858008273594248, -1.007870733826281118, 1.008609955624657939, 0.056491229652322832, 0.640205121023019519, 1.002707355400571654, 0.108330594002049502
0.382546679225709951, 0.622472344282130718, -0.806117620770471777, -0.798963936290917665, 0.053503376658492224, 0.664820505638404224, 1.013233671190045371, 0.126373494415181892
0.477784758055471048, 0.603273815895283172, -0.389446372888145154, -1.174222420278572709, 0.052114903486977039, 0.677128197946096466, 1.018496829084782229, 0.136492387229604800
0.111701619979383965, 1.339475117723227804, -1.205062426685887145, 0.124594358130263316, 0.050790590734037765, 0.689435890253788819, 0.924036995289768348, 0.063624621207989798
0.202844902405097061, 1.064885662668065391, -0.738933181678689266, -0.674424649282672095, 0.041026932601333770, 0.701743582561481061, 0.929300153184505207, 0.068719128765458798
0.401110000124950350, 0.558901532757357766, -1.039106507695521042, -0.415377805168065328, 0.038386279478065097, 0.738666659484558008, 0.945089626868715671, 0.086583462593758348
0.134503979724491879, 1.062748800316019482, -0.648147668188153725, -0.881636382576703403, 0.037576443891660288, 0.750974351792250250, 0.950352784763452529, 0.093516314941810383
0.217010891618583612, 0.904588135191386589, -0.828890134486075958, -2.499310002621925264, 0.036798459280946494, 0.763282044099942714, 0.955615942658189388, 0.101004289945390832
0.281194512812660780, 0.852571658373170171, -0.427167811344824733, -2.736659473903835682, 0.036050540677782114, 0.775589736407634955, 0.960879100552926246, 0.109091837009623299
0.343734922185161440, 0.826284585958292905, -1.110870741558468211, 1.714530073332112048, 0.035331031169905214, 0.787897428715327197, 0.966142258447663105, 0.117826964662279723
0.417985883391994162, 0.807703526568525176, -0.694061467560217915, -2.457556584553280743, 0.053955849993820637, 0.641151866585149666, 0.971405416342399852, 0.127261525537437192
0.154183930738818947, 0.801453552144705927, -0.875687968682611784, -0.298947715327024188, 0.052521089115183335, 0.653459558892842018, 0.976668574237136711, 0.137451524178153484
0.230553128446592648, 0.748765084625138355, -0.492367371869517512, -0.342556982606283533, 0.051154563471858899, 0.665767251200534371, 0.981931732131873569, 0.064071713725577212
0.293481447603218204, 0.728100325209103061, -0.978751124301907249, -2.557009526623016615, 0.049851745453068252, 0.678074943508226613, 0.987194890026610428, 0.069202020572165582
0.357057158055602564, 0.712554122601252060, -0.600205755251800754, -2.242584496721705456, 0.048608487180992400, 0.690382635815918966, 0.992458047921347286, 0.074743117872289835
0.436662444333595690, 0.690907744817739200, -0.783604344213012949, -0.112528116790665988, 0.047420982362127523, 0.702690328123611319, 0.997721205816084034, 0.080727898160794870
0.243626629315233934, 1.070617197940191945, -1.289658235454127055, 1.284100798159822698, 0.045199517413543944, 0.727305712738995802, 1.008247521605557750, 0.094173457473883782
0.305791825897662017, 0.582703253325027593, -0.766825040253950485, 0.371233376938905124, 0.044159367979869212, 0.739613405046688266, 1.013510679500294609, 0.101714050749014129
0.370931475465231364, 0.599139241250679744, -0.958014894625862756, -1.096256568914143914, 0.035759685728027256, 0.751921097354380508, 1.018773837395031467, 0.109858429299382082
0.457945127579918565, 0.589687814938157917, -0.581453947903931900, -1.480242809874869003, 0.035040173699329998, 0.764228789662072749, 0.924314003600017697, 0.118654939010422858
0.318209679418491043, 0.876503056641206646, -0.857897430458887000, -0.939321830774070055, 0.051435166899214894, 0.642098612147279924, 0.940103477284228162, 0.064521947978478503
0.385536462679735015, 0.861654754126095379, -0.469184409969183591, -1.357449194968312067, 0.050095541702425486, 0.654406304454972165, 0.945366635178965020, 0.069688305677087475
0.483288269979522955, 0.473630141605328292, -1.165810712277866923, -0.524045379943245404, 0.048818866462541501, 0.666713996762664518, 0.950629793073701879, 0.075268340468627404
0.116585203718284763, 1.083967594935844048, -0.722173317347806543, -1.130195714304692345, 0.047600997889083167, 0.679021689070356871, 0.955892950968438737, 0.081295176024976726
0.205736814152396474, 0.889813218405346773, -0.906186457109649401, 1.233961691669791083, 0.046438138120941948, 0.691329381378049113, 0.961156108863175485, 0.087804588274224118
0.271326190236328257, 0.834195127444861018, -0.528476012274472495, -2.867055564058839767, 0.045326800187017451, 0.703637073685741354, 0.966419266757912343, 0.094835217770330507
0.333379304123737508, 0.806375012703357763, -1.015459623030671388, 0.619297984563313531, 0.044263777468248743, 0.715944765993433818, 0.971682424652649201, 0.102428799067510679
0.404368009844559673, 0.785701933566573363, -0.630467881707737710, 1.312035007949476029, 0.043246116636629035, 0.728252458301126060, 0.976945582547386060, 0.110630408460925422
0.283653988511995470, 0.632408143588639726, -1.219654572107831791, 1.742364436405066774, 0.040439085064350941, 0.765175535224203007, 0.992735056231596635, 0.139390065106929056
0.346362372461331169, 0.638729319352785541, -0.744511503304451261, -2.791734155451488508, 0.039577616487468249, 0.777483227531895249, 0.997998214126333383, 0.060196692895706151
0.421557091731018407, 0.629541891392586872, -0.931551370038714355, -0.420322472145621573, 0.038749787371960651, 0.789790919839587713, 1.003261372021070352, 0.065016721700110289
0.157844447701257162, 1.106279729832212899, -0.555579610259806733, -0.718646667723733312, 0.048929083613409134, 0.643045357709410181, 1.008524529915806989, 0.070222696584900240
0.233200971877895069, 0.975040830516444745, -1.047317331011065722, -0.808565055138178668, 0.047683781062815796, 0.655353050017102423, 1.013787687810543847, 0.075845520763108507
0.295938999883197440, 0.929685099267535842, -0.653975408027519745, -1.249393297891178367, 0.046496202453960626, 0.667660742324794665, 1.019050845705280706, 0.081918571908901464
0.359782792638327797, 0.482294497384097243, -0.834637050524407731, 1.310360657819880537, 0.045362583514021511, 0.679968434632486907, 0.924591011910266936, 0.088477900290954870
0.175087387464216482, 0.910176614470344703, -1.121059106936507677, 0.149526680837573145, 0.043243694977289610, 0.704583819247871612, 0.935117327699740652, 0.103214253935268424
0.246196485223360989, 0.832761614989489307, -0.699709316941161230, -0.434724311789521867, 0.042252334844635538, 0.716891511555563854, 0.940380485594477511, 0.111478755738631904
0.308264044989449482, 0.799518447706935032, -0.881696058237450897, -1.940880791636582003, 0.041302701572638670, 0.729199203863256318, 0.945643643489214369, 0.120405007130386807
0.373787433362332222, 0.777802142009867747, -0.499820870754281277, -2.223746295635177894, 0.040392312822829915, 0.741506896170948560, 0.950906801383951117, 0.130045995275174880
0.462623842135595931, 0.751734259373873281, -0.985860573188954148, 1.431329158120083767, 0.039518874365650609, 0.753814588478640801, 0.956169959278687975, 0.060619697236890285
0.190930083559957997, 0.684300931544814750, -0.606349612926156523, -2.623617765144094616, 0.038680262916564588, 0.766122280786333265, 0.961433117173424834, 0.065473596558274991
0.258870736178355154, 0.686018743451849655, -0.789214312039135168, -0.496977252073703912, 0.037874510792214808, 0.778429973094025507, 0.966696275068161692, 0.070716154017130550
0.320713860101455583, 0.681044845611032179, -0.357802629186806276, -0.398423430843593884, 0.037099792167753706, 0.790737665401717749, 0.971959432962898551, 0.076378489984486694
0.388564693352205281, 0.669969317081758553, -1.251893384258202513, -0.790611397845905062, 0.056529634490815668, 0.643992103271540217, 0.977222590857635298, 0.082494216680635168
0.489065048795519930, 0.641050185168964171, -0.755665097695521815, -1.352152468092434612, 0.055002879215548563, 0.656299795579232681, 0.982485748752372157, 0.089099637700795251
0.121291577141051682, 1.379080147336916307, -0.944629745081308703, 0.841670361648809706, 0.053549196556963628, 0.668607487886924923, 0.987748906647109015, 0.096233963517063481
0.273799184588154720, 0.588192808613933527, -1.064306507297251958, 0.456036973703456472, 0.041620087044621813, 0.693222872502309406, 0.998275222436582732, 0.112262120992748890
0.335946981074298157, 0.612095710640714441, -0.665545297853351592, 0.239317743996477761, 0.040676989715026673, 0.705530564810001870, 1.003538380331319591, 0.121251097476324954
0.407680890503119731, 0.611487278129720035, -0.846208663758908908, -1.385183898468849817, 0.039773547439432927, 0.717838257117694112, 1.008801538226056449, 0.130959833193984104
0.142680252864494012, 1.117263728611579188, -0.452945415757582071, -1.862059741249239675, 0.038907391188107474, 0.730145949425386354, 1.014064696120793307, 0.061045674044900335
0.349007231943698482, 0.885405103575919394, -0.893844169837672564, -1.102655830177109664, 0.036511562238298399, 0.767069026348463301, 0.930131178115253143, 0.076915204399886639
0.425204474148635603, 0.484313444606413401, -0.514366176866134284, -1.517995826775314416, 0.035774236657470045, 0.779376718656155654, 0.935394336009989891, 0.083073906529028532
0.161427904978356906, 0.896769630749272295, -1.000413210845623624, -1.789056304033173950, 0.035064756581588676, 0.791684410963848006, 0.940657493904726749, 0.089725744081932651
0.235831232643900324, 0.813598061232708503, -0.618494829834361104, -1.906844567547697711, 0.053430942518024181, 0.644938848833670475, 0.945920651799463608, 0.096910203064103112
0.298398147481444609, 0.780595338386808724, -0.800469287697540777, 0.275233918159548008, 0.052020499337054729, 0.657246541141362717, 0.951183809694200466, 0.104669931177720985
0.444801710810429740, 0.734846558766974245, -1.191293743058068344, 1.089916899802247485, 0.049395153637120402, 0.681861925756747422, 0.961710125483674183, 0.122103133329767799
0.178354248319205599, 1.253454168393912660, -0.733351758749865135, 0.672437481145021554, 0.048171826819067801, 0.694169618064439664, 0.966973283378411042, 0.131880092684946298
0.248753547051687368, 0.648135251928747880, -0.918746737840987482, -2.954603178129791452, 0.047003022068225847, 0.706477310372131906, 0.972236441273147789, 0.061474644207368291
0.310741235616597333, 0.655951827350558792, -0.542199596454439270, -2.536046912919760921, 0.045885337915238092, 0.718785002679824370, 0.977499599167884647, 0.066397000263263006
0.376674094763013279, 0.651263616738042228, -1.031067464198993422, 0.964813424941747932, 0.044815641712948738, 0.731092694987516611, 0.982762757062621506, 0.071713495877888139
0.193964894402577970, 1.048320796527349774, -0.823166574478620849, -0.846066601154524367, 0.035480027022665429, 0.755708079602901206, 0.993289072852095223, 0.083657669878981780
0.261376286670402247, 0.968546161874893174, -0.418135802426798764, -1.245606061779882090, 0.034770833186068009, 0.768015771910593559, 0.998552230746831970, 0.090356250135286698
0.323226630943718118, 0.942754517248770574, -1.101008811519628150, -0.490227310046832621, 0.034088376705270457, 0.780323464218285801, 1.003815388641568829, 0.097591194570931822
0.391633640342899880, 0.527692435847403996, -0.688397512165691339, -1.030991835536112955, 0.033431211863925440, 0.792631156525978153, 1.009078546536305687, 0.105405450575046203
0.495153179587863257, 0.527020974933341546, -0.869720439679000146, 1.639394248179177893, 0.050940341773864944, 0.645885594395800622, 1.014341704431042546, 0.113845404391000146
0.197555626350133129, 0.979021576690425888, -0.971744245940786566, -0.458650703588799113, 0.048367846594978198, 0.670500979011185216, 0.925145028530765523, 0.132806818872681393
0.264372503273975823, 0.906791339915437478, -0.594010579293300700, -0.834583266591831241, 0.047169801527782163, 0.682808671318877569, 0.930408186425502381, 0.061906628758704396
0.326254379610116441, 0.876037597440449067, -0.778003879222066597, -2.314036739471447834, 0.046025528678750316, 0.695116363626569811, 0.935671344320239240, 0.066863574388881922
0.395373556997842712, 0.863584860540055677, -0.334573454876413989, -2.905416881672765683, 0.044931639529802246, 0.707424055934262164, 0.940934502214976098, 0.072217429210744047
0.211992296642013911, 0.733510587619091270, -0.776954719135015681, -1.784119726520652316, 0.042882786779048207, 0.732039440549646758, 0.951460818004449815, 0.084245535355137943
0.276761035247425402, 0.715899955680794564, -0.970441387018563084, 0.383750748389300123, 0.041922299534226458, 0.744347132857339111, 0.956723975899186563, 0.090991186777513305
0.339046140230044257, 0.703074985365072291, -0.592843026230634340, 0.948194143542854029, 0.041001105010939370, 0.756654825165031353, 0.961987133793923421, 0.098276971429743190
0.411733801267244626, 0.685944396817495305, -1.099193675604206666, -2.716702950906615843, 0.040116936327801320, 0.768962517472723706, 0.967250291688660280, 0.106146138493815531
0.147382339902416531, 1.228222722488210295, -0.687333587029286264, -1.981668843403907365, 0.039267693026858563, 0.781270209780415947, 0.972513449583397138, 0.114645400170912695
0.225739246593020498, 1.066114630054787682, -0.868605844506706970, 0.127734567365076934, 0.031805358017106808, 0.793577902088108300, 0.977776607478133997, 0.123825208969938261
0.352205547440798461, 0.579537628211747924, -1.188794558207017849, 0.706212713803668679, 0.047239753812248139, 0.659140032265623121, 0.988302923267607603, 0.062341648881128336
0.429689772403178960, 0.582062659881271705, -0.732304769324577554, 0.032597289263720963, 0.046071802994684587, 0.671447724573315363, 0.993566081162344461, 0.067333427147779956
0.165633540930313128, 1.016841074335104622, -0.917559260295508050, -1.431852564630616165, 0.044956576607886718, 0.683755416881007716, 0.998829239057081320, 0.072724903701381460
0.238965784461483310, 0.909359522982864932, -0.540928223861574464, -1.789643943470608622, 0.043890721454392941, 0.696063109188700069, 1.004092396951818067, 0.078548082912330772
0.449911848028751282, 0.447725300015555883, -0.822095855095592687, -1.227940072016944661, 0.040959761982876736, 0.732986186111776905, 1.019881870636028642, 0.098967567267378959
0.182205958357473413, 0.819655621437605175, -0.416415040935834424, -1.746569765155862486, 0.040062903016891104, 0.745293878419469258, 0.920173458331028038, 0.106892031253416273
0.251806346024272654, 0.769963435847336841, -1.248668646749363065, -0.338343504511690041, 0.039202230540674725, 0.757601570727161500, 0.925436616225764785, 0.115451017550145030
0.313721411191162147, 0.746739207979676967, -0.754619372182751658, -1.108100539276670071, 0.038375676603325179, 0.769909263034853963, 0.930699774120501644, 0.124695333198075936
0.380181103291900802, 0.728099409844111034, -0.943391156931737696, 1.190197342575525230, 0.037581324004883253, 0.782216955342546205, 0.935962932015238502, 0.134679853424640922
0.473557372642933128, 0.698938763955607056, -0.567439825899547112, -2.835334033540430454, 0.036817393049425544, 0.794524647650238447, 0.941226089909975361, 0.062779725905708128
0.107654183621609417, 1.578468454476625427, -1.062679338150979369, 0.701337122347667541, 0.055976548605197525, 0.647779085520060915, 0.946489247804712219, 0.067806581579031952
0.200507870735794347, 0.689991662816121565, -0.664465147305641213, 0.866189704591063592, 0.054475600168986629, 0.660086777827753268, 0.951752405699449078, 0.073235944233644268
0.266861512177108018, 0.688322605651157327, -0.845119103670731620, -2.693791341407236750, 0.053046031555399609, 0.672394470135445621, 0.957015563594185936, 0.079100043135813036
0.328788784310071192, 0.682080227557984031, -0.451386852747511780, -2.752850425264453449, 0.042755403864350623, 0.684702162443137863, 0.962278721488922684, 0.085433688191776366
0.398540889061072323, 0.669492715036392738, -1.140466286175215060, 1.683006060117170355, 0.041767335320320925, 0.697009854750830105, 0.967541879383659542, 0.092274476582997395
0.131101002910488679, 1.252128482054417624, -0.709910492985639130, -2.553587482709781753, 0.040821504528735113, 0.709317547058522568, 0.972805037278396401, 0.099663015946977782
0.214790818394586358, 1.048302682622329618, -0.892697386143017635, -0.347308069862614865, 0.039915350548483365, 0.721625239366214810, 0.978068195173133259, 0.107643165428453549
0.279225258076723881, 0.991543839140932692, -0.513021875886927159, -0.506512035046120968, 0.039046510588129225, 0.733932931673907052, 0.983331353067870118, 0.116262296031879042
0.341644807358132796, 0.542180579926447082, -0.999028883244986510, -0.732112534380857105, 0.038212801527100632, 0.746240623981599516, 0.988594510962606976, 0.125571571820678907
0.415180345485149038, 0.560382425588654365, -0.617363850546084003, -1.155551303611749958, 0.037412203440635082, 0.758548316289291757, 0.993857668857343723, 0.135626253632495725
0.291516110078034851, 0.847964031984382527, -1.285816937378555069, 0.761153036379736858, 0.035191025273001122, 0.795471393212368705, 1.009647142541554299, 0.073750575866236179
0.354892524025518019, 0.823884841683088398, -0.765778188044924812, -0.282470844785924768, 0.053499601256726162, 0.648725831082191173, 1.014910300436291157, 0.079655882003776671
0.433525195329690471, 0.805380117302865517, -0.956746030847831830, -1.808792461286506947, 0.052091340963694846, 0.661033523389883415, 0.920450466641277276, 0.086034033812940391
0.169064920730556290, 0.788671402861488291, -0.580264688845589793, -1.985601825612886451, 0.050749354449293252, 0.673341215697575657, 0.925713624536014135, 0.092922892671946464
0.241560935191534237, 0.745502701050428485, -1.080440731630946560, 1.665656399166970614, 0.049469290520790521, 0.685648908005268121, 0.930976782430750993, 0.100363351569635967
0.303817166830665453, 0.726343280389163071, -0.675942950010071875, -2.460324203934396436, 0.048247159103804782, 0.697956600312960362, 0.936239940325487852, 0.108399577850543369
0.368667696713087856, 0.710502591080966694, -0.856796179316656970, -0.320880383573510619, 0.047079295339433641, 0.710264292620652604, 0.941503098220224710, 0.117079275396887117
0.454316574760741165, 0.685937481552455375, -0.467690584518128616, -0.300631447977140365, 0.045962327814236412, 0.722571984928345068, 0.946766256114961458, 0.126453967803818623
0.185362187562098213, 1.151828017968380413, -1.163543846719803376, -1.513357441753564903, 0.037142976247088136, 0.734879677236037310, 0.952029414009698316, 0.136579304228887866
0.254338261792639742, 1.064725581038772573, -0.721123927365343476, -1.634184241812137728, 0.036371942355860075, 0.747187369543729552, 0.957292571904435174, 0.063665136736131445
0.316212013924389468, 0.588973654897502308, -0.905020493475269694, 0.507896661045680986, 0.035630974351516000, 0.759495061851422015, 0.962555729799172033, 0.068762888425516547
0.478865191612734165, 0.585106926405268402, -1.014026305705795661, 0.105655408584918037, 0.034232646718760668, 0.784110446466806499, 0.973082045588645750, 0.080215626771596840
0.112693404127561986, 1.298106602545493260, -0.629352173768844669, -0.147314978392380169, 0.033572282251337827, 0.796418138774498963, 0.978345203483382608, 0.086638598084527688
0.203425847577960561, 1.035194184583634547, -0.810718711298818007, -1.685835803387706111, 0.051036843923486348, 0.649672576644321431, 0.983608361378119356, 0.093575865204236969
0.269344165940328117, 0.965614193679577570, -0.397474626085447091, -2.243588904653491589, 0.049720488758874366, 0.661980268952013673, 0.988871519272856214, 0.101068608476079319
0.135342297664975103, 0.920476335639821897, -0.930339787046559952, -0.550435839566965512, 0.046123146114163537, 0.698903345875090620, 1.004660992957066679, 0.127342564415490467
0.217563401803966161, 0.808965897885512986, -0.554338785846519411, -0.894382739750051670, 0.045029043780489629, 0.711211038182782862, 1.009924150851803537, 0.137539051946338475
0.281686576205223249, 0.772545898858372659, -1.045764149290733691, -0.977769742923753071, 0.043982061510073951, 0.723518730490475104, 1.015187308746540396, 0.064112513957802472
0.344259069219889802, 0.751227374210596932, -0.652884993756242316, -1.379781761848478894, 0.042979346558394943, 0.735826422798167568, 0.920727474951526625, 0.069246087732939471
0.418694280915837602, 0.729732453320486751, -0.833557637327490442, 1.026165387358234593, 0.042018265509139542, 0.748134115105859809, 0.925990632846263484, 0.074790713548901405
0.231084154615560977, 0.607806611923199624, -1.119122488110921854, 1.152535294925509213, 0.040211448675667831, 0.772749499721244515, 0.936516948635737090, 0.087247410651147592
0.437456829759064969, 0.626647836731433983, -0.498432945910796343, -2.865169448981460754, 0.048588184273260636, 0.650619322206451467, 0.952306422319947665, 0.109928386058249478
0.172434151100491373, 1.072024984774589074, -0.984519451438807369, 0.614820424433820123, 0.047362957931915126, 0.662927014514143931, 0.957569580214684524, 0.118730497299483734
0.306285905192385244, 0.926811747081337400, -0.788161644620017143, -1.127756152453801342, 0.045077567845926481, 0.687542399129528414, 0.968095896004158130, 0.138505543845759804
0.371500291832526752, 0.494825359279723598, -0.355705684894746077, -1.705077272334238003, 0.044010442081495134, 0.699850091437220656, 0.973359053898894988, 0.064563034915413334
0.458867747171046503, 0.517721059706618081, -1.307193262359479302, 0.281379219228693023, 0.042989521019006480, 0.712157783744913120, 0.978622211793631847, 0.069732682499396154
0.188472753275750360, 0.891547805766440882, -0.771363451190819172, -0.784102103205615908, 0.042011982857339196, 0.724465476052605362, 0.983885369688368705, 0.075316270601782323
0.256860056863931707, 0.826505449204742448, -0.963548644980314339, 1.742530445047212995, 0.041075225025624246, 0.736773168360297603, 0.989148527583105563, 0.081346943987276307
0.386138962622237791, 0.775130894595572273, -1.089682806052089781, -0.056128250974925187, 0.039314615508804163, 0.761388552975682309, 0.999674843372579280, 0.094895607897005407
0.484420651888740728, 0.745332095206298728, -0.681648246186958517, -0.589513330316274842, 0.038486481276284477, 0.773696245283374551, 1.004938001267316139, 0.102494024711488482
0.117540083808056167, 0.904614935969127676, -0.862683330422395311, -2.125712829295304029, 0.037690531362702881, 0.786003937591066904, 1.010201159162052997, 0.110700856808471068
0.206311422918857790, 0.784596646272816223, -0.475593636813828324, -2.394665503637508408, 0.036924992602623274, 0.798311629898759256, 1.015464317056789634, 0.119564820804192673
0.333891799625217867, 0.732525575171230736, -0.726717622952807840, -2.155743849609522034, 0.054515368099578000, 0.663873760076273967, 0.926267641156512722, 0.139478827318762821
0.405026086784607053, 0.713376677878550636, -0.911261351935882091, -0.012129045041361197, 0.043935088974077843, 0.676181452383966319, 0.931530799051249581, 0.060235025553075965
0.139463416656041062, 1.302844219986623031, -0.534095256677760366, 0.176713341103263755, 0.042899530677784195, 0.688489144691658672, 0.936793956945986439, 0.065058123704046900
0.220311453679657876, 1.118161282609105411, -1.021728367275796412, -1.976764167053159493, 0.041908978659294063, 0.700796836999350914, 0.942057114840723298, 0.070267413702042189
0.284145657841789134, 0.596548685342341622, -0.635287359835356003, -1.956869363942827178, 0.040960663330841043, 0.713104529307043156, 0.947320272735460156, 0.075893818438953986
0.346889918143132803, 0.614374929530816627, -0.816397613736052241, 0.185499461540447497, 0.040052032370008699, 0.725412221614735508, 0.952583430630197014, 0.081970736843520867
0.158567132289772428, 1.073961215198165897, -1.232210207104191602, 1.149453808922139775, 0.038344579677879381, 0.750027606230120214, 0.963109746419670620, 0.095623295986977122
0.233728397076993416, 0.948332801442776430, -0.749042686166971672, 0.498644387792264165, 0.037541565870814433, 0.762335298537812456, 0.968372904314407479, 0.103279979749120635
0.296430680577145556, 0.902796137198582094, -0.936829667007682332, -1.047020728580251081, 0.036769821410911653, 0.774642990845504809, 0.973636062209144337, 0.111549744305315168
0.360330666400671240, 0.884952083114485921, -0.560925817336122345, -1.442618920460454035, 0.036027613487638888, 0.786950683153197050, 0.978899220103881196, 0.120481679845479903
0.246708893117166927, 0.807349658351364186, -0.839324937215899514, -1.281091484267817604, 0.054131247053502980, 0.652585639912414139, 0.994688693788091660, 0.065515289495592752
0.308759063183865701, 0.777501475912465323, -0.442961560429062651, -1.770259276312957430, 0.052704623651549883, 0.664893332220106381, 0.999951851682828519, 0.070761185363074186
0.374362254526969918, 0.756703906338815568, -1.129599834581825890, -1.087302369452115336, 0.051345009764419428, 0.677201024527798845, 1.005215009577565377, 0.076427127049849594
0.463579931098113351, 0.729427680998257832, -0.704287512620730305, -1.458532560167383307, 0.050048020056139522, 0.689508716835491087, 1.010478167472302236, 0.082546748180139407
0.191540258607796665, 1.229164963329060223, -0.886609243051767582, 0.748841504804070635, 0.048809631738107380, 0.701816409143183328, 1.015741325367039094, 0.089156375466932614
0.321215702698635586, 0.656907090635805435, -0.991716914932212035, 0.254658192398977301, 0.038562689342241573, 0.726431793758568034, 0.926544649466762071, 0.104005731907415758
0.389175150094436761, 0.650069235529909806, -0.611305714554099655, 0.266531079544837013, 0.037741161354111701, 0.738739486066260276, 0.931807807361498930, 0.112333608398661369
0.274293233999998831, 1.040810592043646343, -0.760197351527358456, -2.511854786522289107, 0.034764127560375759, 0.787970255297029687, 0.952860438940446253, 0.065975667807713426
0.336462111845712453, 0.488209510582003792, -0.950028455772623959, -0.213286529543259828, 0.053097388006652452, 0.641224693166852155, 0.958123596835183111, 0.071258426775451689
0.408350358591271501, 0.531330360101497923, -0.573884847601535242, -0.447775623019862179, 0.051694750029885550, 0.653532385474544397, 0.963386754729919970, 0.076964183239669345
0.143473929034278469, 0.998046462882635765, -1.071445945881114081, -0.548930521717296838, 0.050358577449471559, 0.665840077782236639, 0.968649912624656828, 0.083126807169282418
0.223036310986050090, 0.869548948460962978, -0.670215874102461751, -1.048634546711890492, 0.049084470319929269, 0.678147770089929103, 0.973913070519393687, 0.089782880546407595
0.286603166970417877, 0.824498591024912963, -0.850942156017683304, 1.761222550783158258, 0.047868397121787851, 0.690455462397621345, 0.979176228414130434, 0.096971914520845914
0.425943572248983493, 0.778536516908897802, -1.151764348913827618, 0.414585977513649062, 0.045595851059894353, 0.715070847013005828, 0.989702544203604151, 0.113122980733381465
0.162135810185953577, 0.729122970654020985, -0.715522087720361299, -0.209373308837992100, 0.044532845488655035, 0.727378539320698292, 0.994965702098341009, 0.122180887394792936
0.236355266267934627, 0.710994884780606906, -0.898833511008453323, -1.681690508737129441, 0.043514753799747008, 0.739686231628390534, 1.000228859993077757, 0.131964072620780137
0.298890226813763704, 0.700435830397204140, -0.520147871471677292, -2.008237008062255136, 0.042538910008138142, 0.751993923936082775, 1.005492017887814615, 0.061513790651466393
0.363084346959545057, 0.688889640158157790, -1.006462694694755911, 1.743371958234380292, 0.034437878997995934, 0.764301616243775239, 1.010755175782551474, 0.066439281214907359
0.445640864038900020, 0.667784983031228019, -0.623378486437627943, -2.405182206323715377, 0.033764619655975596, 0.776609308551467481, 1.016018333677288332, 0.071759162321243103
0.179001264564984081, 1.128761285151362870, -0.805057379189179523, -0.294279240588554925, 0.033116282777258851, 0.788917000859159723, 0.921558499882274562, 0.077505013342786130
0.249263500520238490, 1.029006239026507785, -0.387563789695029415, 0.482065839103450688, 0.050579787936717482, 0.642171438728982191, 0.926821657777011421, 0.083710942253950676
0.311237331618540725, 0.542885701159809941, -1.202421690769759799, -1.827697954871903896, 0.049272114454840032, 0.654479131036674655, 0.932084815671748168, 0.090413788099766829
0.377255264513542521, 0.572322277778642197, -0.737886948365876538, -1.688112628572584928, 0.048025633533550417, 0.666786823344366897, 0.937347973566485027, 0.097653339676316259
0.468469947211457294, 0.566487354009460709, -0.923917562246430957, 0.446871755124578107, 0.046836328437421450, 0.679094515652059139, 0.942611131461221885, 0.105472571721199601
0.261876417522453275, 0.879747326329489820, -1.037586465089741949, 0.087846536388631311, 0.044614816602294147, 0.703709900267443844, 0.953137447250695602, 0.123039456915667963
0.323730283311427502, 0.847768911955477544, -0.647051546509066378, -0.261871601949448918, 0.043576117959634300, 0.716017592575136086, 0.958400605145432460, 0.132891388938565946
0.392252526563936610, 0.829642951023637054, -0.827815244765584657, -1.757639937243733019, 0.042581555669495209, 0.728325284882828328, 0.963663763040169208, 0.061946050286282951
0.496412099779459437, 0.441831969079919062, -0.425492462540811633, -2.245891597309345400, 0.041628486629955698, 0.740632977190520680, 0.968926920934906066, 0.066906152450304845
0.264870847915837260, 0.823665149137831287, -0.874566042097627339, -0.927740360543700238, 0.038994718731592180, 0.777556054113597628, 0.984716394619116642, 0.084299182077015172
0.326760410144390667, 0.795342201248272485, -0.490955499883137303, -1.336528297915548613, 0.038184952492114919, 0.789863746421289981, 0.989979552513853500, 0.091049129063353801
0.396003231119920862, 0.774287842141614391, -0.977429706264586140, -1.462689385059043889, 0.058196348561500418, 0.643118184291112449, 0.995242710408590359, 0.098339553231033938
0.127614214937325887, 1.471671752755745688, -0.599048158432969435, -1.746264477073505850, 0.046863250782706083, 0.655425876598804691, 1.000505868303327217, 0.106213731302693945
0.212554146092307217, 0.692064249197929193, -0.782553581910056417, 0.568187321899742415, 0.045705708817894770, 0.667733568906497044, 1.005769026198064076, 0.114718405225382902
0.339564672463476214, 0.681428295512772619, -1.318801014514834113, 1.918651639555111643, 0.043544306878474957, 0.692348953521881638, 1.016295341987537570, 0.133825221541702455
0.412417930166976032, 0.666899430346618138, -0.774158235501391068, 1.607505039654471890, 0.042534041256338737, 0.704656645829573991, 0.921835508192523800, 0.062381347425208990
0.148152452859932671, 1.192806173404178161, -0.966983418310749743, -2.004268770325365878, 0.041566886969265582, 0.716964338137266233, 0.927098666087260659, 0.067376304406782592
0.226277310923667097, 1.034828569558338796, -0.589720052807185535, -2.067569970621439879, 0.040640241874357594, 0.729272030444958586, 0.932361823981997517, 0.072771214199213383
0.289551032798594510, 0.988950663740857605, -1.094403192564243454, 1.556367985145433730, 0.039751703956738056, 0.741579722752650827, 0.937624981876734376, 0.078598101552965247
0.352741320797334112, 0.549401410141777125, -0.684493298702467778, -2.582479193419568553, 0.038899052794870929, 0.753887415060343180, 0.942888139771471234, 0.084891555482621200
0.430449506214973798, 0.560747622683109626, -0.865640024146050790, -0.406786369090396227, 0.038080233020756818, 0.766195107368035533, 0.948151297666208093, 0.091688934590902646
0.166324985145133442, 0.984870108925083310, -0.479487788804490500, -0.535590011105613995, 0.037293339531531210, 0.778502799675727775, 0.953414455560944840, 0.099030588833253969
0.239486013177468232, 0.884092984663369608, -1.182247841732369853, 0.161246661850727668, 0.036536604242089050, 0.790810491983420127, 0.958677613455681699, 0.106960099039410755
0.301844899499635611, 0.843894980134178407, -0.729511915656556265, -0.583836395149477938, 0.055678091376146516, 0.644064929853242596, 0.963940771350418557, 0.115524535613777027
0.182840988707293262, 0.778996494811095341, -1.025634231897380344, -0.520868915876413041, 0.051402299001034310, 0.680988006776319543, 0.979730245034629132, 0.062819703412895833
0.252313577347820617, 0.742638011077507154, -0.638241253277919807, -0.971927379977830519, 0.050107465922140028, 0.693295699084011785, 0.984993402929365880, 0.067849760138086523
0.314218986884126306, 0.724609702147304247, -0.819244204970238199, -2.625534811664861135, 0.040464265325468020, 0.705603391391704138, 0.990256560824102738, 0.073282580157021771
0.380770375015747398, 0.708224528579896262, -0.411782273786449271, -2.847454213102495579, 0.039568096120748505, 0.717911083699396491, 0.995519718718839597, 0.079150413259246835
0.108678440186426029, 1.524769994502182646, -0.751830965114029581, -2.251796694924048658, 0.037884351667212351, 0.742526468314780974, 1.006046034508313314, 0.092333236055066117
0.201094146137907714, 1.217936646680141566, -0.940101204282452696, -0.050880424933643198, 0.037092610639871147, 0.754834160622473327, 1.011309192403050172, 0.099726480367678713
0.267358528475443946, 0.550714374118157712, -0.564191691595386735, -0.111057134089213250, 0.036331768867567761, 0.767141852930165680, 1.016572350297787031, 0.107711711529245455
0.329296973512022140, 0.593236598372877011, -1.058376196345864440, -2.373273542666355151, 0.035600106459721954, 0.779449545237857921, 0.922112516502773150, 0.116336330709606917
0.399180158703679677, 0.599463534914767227, -0.661580316135744972, -2.009694128707325333, 0.034896026147920332, 0.791757237545550385, 0.927375674397510008, 0.125651534552956107
0.131959375647186766, 1.132229109270159739, -0.842218537387209865, 0.103019697404322930, 0.053174357732021699, 0.645011675415372743, 0.932638832292246867, 0.135712619086489211
0.279717732624686577, 0.895319996688829334, -1.134981919104264270, 0.546780029111588184, 0.050438805870620905, 0.669627060030757337, 0.943165148081720472, 0.068326542859961939
0.342166380939887771, 0.869988636095342494, -0.707100528770509551, 0.039128966779381491, 0.049165846034243205, 0.681934752338449690, 0.948428305976457331, 0.073797539501936307
0.415877597176681157, 0.457408128548679016, -0.889647491375239352, -1.453965177709573675, 0.047950650506129823, 0.694242444646142043, 0.953691463871194189, 0.079706606079892106
0.151948298686107930, 0.888938623011226725, -0.509418054748017268, -1.847026278094941798, 0.046789552117801579, 0.706550136953834285, 0.958954621765931048, 0.086088819432908067
0.355432399364927876, 0.748794775343619712, -0.796594545737481230, -1.257403030974447500, 0.043598422700602504, 0.743473213876911232, 0.974744095450141512, 0.108468605627268191
0.434303588200631696, 0.725689787917980778, -0.372066299261576749, -1.846135321737998325, 0.035295092253662085, 0.755780906184603474, 0.980007253344878371, 0.117153830318976776
0.169743610717720317, 1.248951829456748985, -1.275907086187843431, -0.088689060342240778, 0.034591804314407872, 0.768088598492295938, 0.985270411239615229, 0.126534492437111568
0.242078205251355094, 0.618111714075937457, -0.762987314716263798, -0.987885999714218754, 0.033914975280892525, 0.780396290799988179, 0.990533569134352088, 0.136666276576054568
0.304310593795548645, 0.638719932576573557, -0.953376918370376969, 1.372433043922369089, 0.033263176669673135, 0.792703983107680421, 0.995796727029088946, 0.063705678064159818
0.369231943768590143, 0.639205276239788955, -0.577082686285699920, -2.695378607757002776, 0.050685052461638444, 0.645958420977502890, 1.001059884923825694, 0.068806675951292098
