1.05433E-05 9.30676E+01
1.16423E-05 1.02412E+02
1.28559E-05 1.12694E+02
1.41959E-05 1.24008E+02
1.56756E-05 1.36458E+02
1.73096E-05 1.50158E+02
1.91139E-05 1.65234E+02
2.11063E-05 1.81823E+02
2.33063E-05 2.00077E+02
2.57357E-05 2.20164E+02
2.84183E-05 2.42268E+02
3.13805E-05 2.66590E+02
3.46515E-05 2.93353E+02
3.82634E-05 3.22803E+02
4.22518E-05 3.55208E+02
4.66560E-05 3.90866E+02
5.15193E-05 4.30103E+02
5.68894E-05 4.73276E+02
6.28194E-05 5.20781E+02
6.93674E-05 5.73051E+02
7.65980E-05 6.30563E+02
8.45823E-05 6.93843E+02
9.33988E-05 7.63465E+02
1.03134E-04 8.40062E+02
1.13885E-04 9.24340E+02
1.25756E-04 1.01705E+03
1.38864E-04 1.11903E+03
1.53339E-04 1.23122E+03
1.69322E-04 1.35461E+03
1.86972E-04 1.49031E+03
2.06461E-04 1.63954E+03
2.27981E-04 1.80361E+03
2.51745E-04 1.98398E+03
2.77986E-04 2.18222E+03
3.06963E-04 2.40006E+03
3.38959E-04 2.63935E+03
3.74291E-04 2.90213E+03
4.13306E-04 3.19058E+03
4.56387E-04 3.50706E+03
5.03959E-04 3.85412E+03
5.56490E-04 4.23448E+03
6.14497E-04 4.65104E+03
6.78549E-04 5.10686E+03
7.49279E-04 5.60521E+03
8.27381E-04 6.14949E+03
9.13624E-04 6.74324E+03
1.00886E-03 7.39011E+03
1.11402E-03 8.09374E+03
1.23014E-03 8.85773E+03
1.35836E-03 9.68563E+03
1.49995E-03 1.05808E+04
1.65630E-03 1.15462E+04
1.82895E-03 1.25845E+04
2.01959E-03 1.36976E+04
2.23011E-03 1.48865E+04
2.46256E-03 1.61515E+04
2.71925E-03 1.74915E+04
3.00270E-03 1.89041E+04
3.31569E-03 2.03852E+04
3.66130E-03 2.19286E+04
4.04294E-03 2.35260E+04
4.46436E-03 2.51666E+04
4.92971E-03 2.68364E+04
5.44357E-03 2.85187E+04
6.01098E-03 3.01923E+04
6.63755E-03 3.18329E+04
7.32942E-03 3.34115E+04
8.09341E-03 3.48953E+04
8.93704E-03 3.62467E+04
9.86860E-03 3.74237E+04
1.08973E-02 3.83811E+04
1.20332E-02 3.90699E+04
1.32874E-02 3.94417E+04
1.46725E-02 3.94456E+04
1.62019E-02 3.90360E+04
1.78907E-02 3.81770E+04
1.97556E-02 3.68470E+04
2.18148E-02 3.50511E+04
2.40887E-02 3.28275E+04
2.65996E-02 3.02463E+04
2.93723E-02 2.74405E+04
3.24339E-02 2.45550E+04
3.58147E-02 2.17777E+04
3.95479E-02 1.92932E+04
4.36702E-02 1.72202E+04
4.80373E-02 1.56809E+04
5.24043E-02 1.46315E+04
5.67713E-02 1.38682E+04
6.11383E-02 1.32071E+04
6.55053E-02 1.25093E+04
6.98724E-02 1.16987E+04
7.42394E-02 1.07658E+04
7.86064E-02 9.75535E+03
8.29734E-02 8.74165E+03
8.73405E-02 7.80178E+03
9.17075E-02 6.99456E+03
9.71317E-02 6.21979E+03
1.02556E-01 5.69343E+03
1.07980E-01 5.36471E+03
1.13404E-01 5.15585E+03
1.18828E-01 4.98342E+03
1.24253E-01 4.77927E+03
1.29677E-01 4.50750E+03
1.35101E-01 4.17008E+03
1.40525E-01 3.79848E+03
1.45949E-01 3.43598E+03
1.51373E-01 3.12022E+03
1.56798E-01 2.87256E+03
1.62222E-01 2.69581E+03
1.67646E-01 2.57729E+03
1.73070E-01 2.49548E+03
1.78494E-01 2.42662E+03
1.83918E-01 2.34909E+03
1.89343E-01 2.24996E+03
1.94767E-01 2.12847E+03
2.00191E-01 1.99325E+03
2.05615E-01 1.85724E+03
2.11039E-01 1.73232E+03
2.16463E-01 1.62645E+03
2.21888E-01 1.54267E+03
2.27312E-01 1.47933E+03
2.32736E-01 1.43075E+03
2.38160E-01 1.38962E+03
2.43584E-01 1.34878E+03
2.49008E-01 1.30346E+03
2.54433E-01 1.25185E+03
2.59857E-01 1.19491E+03
2.65281E-01 1.13594E+03
2.70705E-01 1.07883E+03
2.76129E-01 1.02717E+03
2.81553E-01 9.82664E+02
2.86978E-01 9.45527E+02
2.92402E-01 9.14358E+02
2.97826E-01 8.87197E+02
3.03250E-01 8.61722E+02
3.08674E-01 8.36128E+02
3.14098E-01 8.09168E+02
3.19523E-01 7.80812E+02
3.24947E-01 7.51703E+02
3.30371E-01 7.22902E+02
3.35795E-01 6.95502E+02
3.41219E-01 6.70267E+02
3.46643E-01 6.47690E+02
3.52068E-01 6.27579E+02
3.57492E-01 6.09366E+02
3.62916E-01 5.92421E+02
3.68340E-01 5.76063E+02
3.73764E-01 5.59812E+02
3.79189E-01 5.43514E+02
3.84613E-01 5.27130E+02
3.90037E-01 5.10892E+02
3.95461E-01 4.95138E+02
4.00885E-01 4.80110E+02
4.06309E-01 4.65949E+02
4.11734E-01 4.52744E+02
4.17158E-01 4.40433E+02
4.22582E-01 4.28848E+02
4.28006E-01 4.17839E+02
4.33430E-01 4.07230E+02
4.38854E-01 3.96856E+02
4.44279E-01 3.86599E+02
4.49703E-01 3.76496E+02
4.55127E-01 3.66617E+02
4.60551E-01 3.57026E+02
4.65975E-01 3.47785E+02
4.71399E-01 3.38954E+02
4.76824E-01 3.30576E+02
4.82248E-01 3.22632E+02
4.87672E-01 3.15030E+02
4.93096E-01 3.07690E+02
4.98520E-01 3.00547E+02
5.03944E-01 2.93581E+02
5.09369E-01 2.86789E+02
5.14793E-01 2.80170E+02
5.20217E-01 2.73723E+02
5.25641E-01 2.67462E+02
5.31065E-01 2.61403E+02
5.36489E-01 2.55560E+02
5.41914E-01 2.49938E+02
5.47338E-01 2.44524E+02
5.52762E-01 2.39292E+02
5.58186E-01 2.34218E+02
5.63610E-01 2.29282E+02
5.69034E-01 2.24469E+02
5.74459E-01 2.19778E+02
5.79883E-01 2.15214E+02
6.04325E-01 1.96230E+02
6.40940E-01 1.71981E+02
6.79774E-01 1.50572E+02
9.48700E-01 6.99154E+01
1.32402E+00 3.17498E+01
1.84782E+00 1.41458E+01
2.57884E+00 6.19952E+00
3.59905E+00 2.67834E+00
5.02288E+00 1.14271E+00
7.01000E+00 4.82171E-01
9.78324E+00 2.01477E-01
1.36536E+01 8.35208E-02
1.90552E+01 3.44065E-02
2.65936E+01 1.40720E-02
3.71144E+01 5.71818E-03
5.17973E+01 2.31013E-03
7.22889E+01 9.28400E-04
1.00887E+02 3.71338E-04
1.40800E+02 1.47881E-04
1.96502E+02 5.86603E-05
2.74240E+02 2.31847E-05
3.82733E+02 9.13281E-06
5.34147E+02 3.58648E-06
7.45462E+02 1.40441E-06
1.04038E+03 5.48483E-07
1.45196E+03 2.13683E-07
2.02638E+03 8.30555E-08
2.82804E+03 3.22133E-08
3.94684E+03 1.24688E-08
5.50826E+03 4.81715E-09
7.68740E+03 1.85772E-09
1.07286E+04 7.15222E-10
