0.290445382692932574, 0.802462189026018069, -1.008941472576396103, 0.000000000000000000, 0.042631172839506182, 0.719999999999999973, 0.969999999999999973, 0.091651513899116785
0.237416927333858413, 0.947787923404472710, -0.792417404234305733, 0.000000000000000000, 0.036443905817174514, 0.760000000000000009, 0.994999999999999996, 0.074155855021346792
0.343693700816356862, 0.687435214045873488, -1.229758544944484777, 0.000000000000000000, 0.050064878892733561, 0.680000000000000049, 0.945000000000000062, 0.113274939619830983
0.265321772573670178, 0.866553770737437445, -1.112993329467564463, 0.000000000000000000, 0.038913543721236024, 0.780000000000000027, 0.932499999999999996, 0.066703457940955391
0.380988734114233951, 0.619215870803656143, -0.646908867080860039, 0.000000000000000000, 0.044030612244897960, 0.699999999999999956, 0.982500000000000040, 0.101891215043243805
0.200691976133564154, 0.934316658379097276, -0.905774681951408978, 0.000000000000000000, 0.051939853076216715, 0.660000000000000031, 1.007500000000000062, 0.082440865941533242
0.315614102314382472, 0.858518607912082454, -1.386154583659412243, 0.000000000000000000, 0.037481738495252014, 0.739999999999999991, 0.957500000000000018, 0.125930502844927683
0.251951747124835534, 0.819065595245429101, -1.299660612739223176, 0.000000000000000000, 0.039008256708575717, 0.729999999999999982, 0.926250000000000018, 0.107432403081261521
0.360416173264520689, 0.784560340866492623, -0.851259735112800286, 0.000000000000000000, 0.054171597633136087, 0.650000000000000022, 0.976250000000000062, 0.070331017030126855
0.172207315720420251, 1.058680815669987174, -0.539892946527556705, 0.000000000000000000, 0.045867464818315482, 0.689999999999999947, 1.001249999999999973, 0.132779028458148735
0.302869544374840427, 0.664014114065044958, -1.060229412485887979, 0.000000000000000000, 0.040373587451509527, 0.770000000000000018, 0.951250000000000040, 0.086924278373166033
0.220886693378239796, 1.060699557378331104, -1.168770819789762827, 0.000000000000000000, 0.046444157905177544, 0.709999999999999964, 0.938750000000000084, 0.096635832441873001
0.329048671091936917, 0.741955174871585466, -0.726225943090920478, 0.000000000000000000, 0.034149174811728897, 0.790000000000000036, 0.988750000000000018, 0.063263002429993179
0.278032018654515878, 0.746679573252584272, -0.957865586291069104, 0.000000000000000000, 0.039755555555555558, 0.750000000000000000, 1.013749999999999929, 0.119435213007111643
0.410492667138952050, 0.708221791751381557, -1.511797657536525064, 0.000000000000000000, 0.045138115393183340, 0.670000000000000040, 0.963749999999999996, 0.078188700606894784
0.434774251401462197, 0.629246567070459339, -0.932027936933010448, 0.000000000000000000, 0.040230253321372124, 0.765000000000000013, 0.923125000000000084, 0.129309434385104449
0.229475354572133833, 0.782564263574163643, -0.688773365766131240, 0.000000000000000000, 0.038799048751486327, 0.724999999999999978, 0.948124999999999996, 0.068493226208244024
0.336177433686034810, 0.763719483263217813, -1.140389948561119526, 0.000000000000000000, 0.054068265128297578, 0.645000000000000018, 0.998125000000000040, 0.104625131230337134
0.188063741879627933, 0.989361477931078870, -1.034483247583899423, 0.000000000000000000, 0.041473357055988466, 0.744999999999999996, 0.985624999999999973, 0.076145583893699201
0.309180882192023609, 0.920517900386428445, -0.461948665644788203, 0.000000000000000000, 0.047303408898185316, 0.665000000000000036, 0.935625000000000040, 0.116314300676495591
0.258746049782567933, 0.899754649424905795, -0.822530942762787931, 0.000000000000000000, 0.048425632513455059, 0.704999999999999960, 0.960625000000000062, 0.061609902984825347
0.370039936239097922, 0.655186070925357744, -1.263260102394866857, 0.000000000000000000, 0.035650533490202439, 0.785000000000000031, 1.010625000000000107, 0.094110681328949286
0.322217636130871288, 0.618493243697208150, -0.878922631857787184, 0.000000000000000000, 0.049285751255111018, 0.694999999999999951, 0.929375000000000062, 0.080286637648339043
0.271734615858327033, 0.781112394436766055, -0.598573472488999059, 0.000000000000000000, 0.048146961132801119, 0.655000000000000027, 0.954374999999999973, 0.099228737693360602
0.393975174458600363, 0.742783573049052737, -1.086340544483430426, 0.000000000000000000, 0.042123652181961221, 0.734999999999999987, 1.004375000000000018, 0.064960457370677502
0.244870851191805405, 0.784779472135687328, -1.198433025486938863, 0.000000000000000000, 0.048792866941015089, 0.675000000000000044, 0.991875000000000062, 0.136341717695431797
0.351717300265631805, 0.758770093567568416, -0.760504045668141337, 0.000000000000000000, 0.035316433489759221, 0.755000000000000004, 0.941875000000000018, 0.089256605959945196
0.149586181868197943, 1.265486329388330278, -0.983452165896938846, 0.000000000000000000, 0.036835963767256043, 0.795000000000000040, 0.966875000000000040, 0.110314998854386240
0.347633003851441691, 0.642346695615396146, -0.970680478049937734, 0.000000000000000000, 0.045528668758032645, 0.672499999999999987, 0.996562500000000018, 0.064106111818567207
0.132085357895537270, 1.146693114130883373, -0.743703917989544605, 0.000000000000000000, 0.046765158510310864, 0.712500000000000022, 0.971562499999999996, 0.121026932425172221
0.293538751700865519, 0.884462405761249237, -1.183420296487183387, 0.000000000000000000, 0.034456507677457233, 0.792499999999999982, 0.921562500000000062, 0.079230725566665272
0.206242263525352132, 0.882603820458008781, -1.073228790032629165, 0.000000000000000000, 0.044031591705873917, 0.692500000000000004, 0.959062500000000040, 0.108864160414864408
0.318891253188659629, 0.814082942712779589, -0.570895135826907874, 0.000000000000000000, 0.038903027827525895, 0.772499999999999964, 1.009062499999999973, 0.071268322224133054
0.268545433415306678, 1.008837960853204985, -0.865207269775831733, 0.000000000000000000, 0.037397057624433599, 0.732500000000000040, 0.984062500000000062, 0.134548581612422113
0.387161906072032991, 0.692294338207746218, -1.319265449679980273, 0.000000000000000000, 0.052061772434344768, 0.652499999999999969, 0.934062500000000018, 0.088082722841123978
0.306012750838034364, 0.739677386981278162, -0.807670461826058061, 0.000000000000000000, 0.036872654717772561, 0.742500000000000049, 1.002812500000000107, 0.103249124669983913
0.255380124473768233, 0.710862772342365612, -0.408533608003407434, 0.000000000000000000, 0.038343761802202739, 0.782499999999999973, 0.977812499999999973, 0.083539559734234506
0.365092168340985235, 0.724240031204219536, -1.021696430586156890, 0.000000000000000000, 0.043318853611276451, 0.702500000000000013, 0.927812500000000040, 0.127608785335138197
0.281150714110579403, 0.799396070342053400, -1.126584710502773312, 0.000000000000000000, 0.037672668637463047, 0.762499999999999956, 0.965312500000000018, 0.060799623182134270
0.421130425238602668, 0.760699848002624357, -0.668494968662378009, 0.000000000000000000, 0.051530276805002079, 0.682499999999999996, 1.015312500000000062, 0.092872958485640755
0.225274313674214827, 0.952018720307438171, -0.918964167037714885, 0.000000000000000000, 0.050515526351648021, 0.642499999999999960, 0.990312500000000040, 0.075144134034114449
0.332570781171663499, 0.678193953525176862, -1.412251749759579678, 0.000000000000000000, 0.043970977358987556, 0.722500000000000031, 0.940312499999999996, 0.114784560747745595
0.339880506426059326, 0.795859713232072274, -0.944988092567260907, 0.000000000000000000, 0.042801296604305011, 0.717500000000000027, 0.949687500000000018, 0.090446133481348459
0.287352679702463976, 0.809956667462522262, -0.707960679229609036, 0.000000000000000000, 0.050292071186394519, 0.677499999999999991, 0.924687499999999996, 0.111785172694737672
0.454710759082215366, 0.501845749277997633, -1.154440382412685429, 0.000000000000000000, 0.036570488732041523, 0.757499999999999951, 0.974687500000000040, 0.073180573635335158
0.262057518703456616, 0.948794167481442741, -1.047321028658215081, 0.000000000000000000, 0.047326114299758568, 0.657499999999999973, 1.012187500000000018, 0.124274292754431220
0.375314529565908661, 0.686140646066072390, -0.504303159882604768, 0.000000000000000000, 0.041476587187589772, 0.737500000000000044, 0.962187499999999973, 0.081356621926326173
0.194674790850173307, 0.873467721012648912, -0.837046702021970734, 0.000000000000000000, 0.035581724754706834, 0.777499999999999969, 0.937187500000000062, 0.100551164343252800
0.312379395461810816, 0.801851579896993960, -1.281041267257709393, 0.000000000000000000, 0.048528410477768777, 0.697500000000000009, 0.987187499999999996, 0.065826188831271518
0.274895021336944989, 0.706678136052874883, -1.362231601090314159, 0.000000000000000000, 0.046641860929715694, 0.707500000000000018, 1.005937499999999929, 0.077160380128675057
0.401639515468048214, 0.695958208110945886, -0.892435941699147639, 0.000000000000000000, 0.034260519022423781, 0.787499999999999978, 0.955937499999999996, 0.117864427530406629
0.216280613815518052, 1.018316537633303653, -0.623730330032814306, 0.000000000000000000, 0.039904475341439136, 0.747500000000000053, 0.930937500000000084, 0.062430981429420537
0.325600694750188602, 0.723846038681951742, -1.099587320113993183, 0.000000000000000000, 0.045329573987571717, 0.667499999999999982, 0.980937500000000018, 0.095364899370233985
0.299746087571132358, 0.723648639108973257, -0.776716659085633254, 0.000000000000000000, 0.054434191499828560, 0.647499999999999964, 0.968437500000000062, 0.131032748075154470
0.248452002580165310, 0.857322308463501548, -0.996199598034179457, 0.000000000000000000, 0.046062809917355368, 0.687500000000000000, 0.943437500000000040, 0.069406039066498670
0.390477444282447572, 0.802202394181138256, -0.989827741717744680, 0.000000000000000000, 0.037917103262020468, 0.753750000000000031, 1.009843749999999929, 0.077672838628410928
0.208871630153421028, 0.994955990838394366, -0.768678762088407463, 0.000000000000000000, 0.035858391716783435, 0.793749999999999956, 0.984843750000000018, 0.095998262673748475
0.320547842326623034, 0.697614281886806298, -1.206091131405232941, 0.000000000000000000, 0.040225002377001669, 0.713749999999999996, 0.934843750000000084, 0.062845615040958036
0.141719350272515199, 1.254531072431203320, -1.092945582032590623, 0.000000000000000000, 0.035105347360509027, 0.773750000000000049, 0.947343750000000040, 0.131902998395109883
0.295087133105041977, 0.758602549478294641, -0.611428564006607944, 0.000000000000000000, 0.048031815599383167, 0.693749999999999978, 0.997343749999999973, 0.086350782076747110
0.243046240934504360, 0.746619383063019115, -0.885702769741670615, 0.000000000000000000, 0.051632550844700205, 0.653750000000000053, 0.972343750000000062, 0.106723601277719557
0.349655713632335163, 0.744432269391458901, -1.350942434514636581, 0.000000000000000000, 0.044887961482315587, 0.733750000000000013, 0.922343750000000018, 0.069866997327633670
0.227396415906787663, 0.804911948263253185, -1.272053908102370290, 0.000000000000000000, 0.043214462255490430, 0.743750000000000022, 0.966093749999999973, 0.091046828939217783
0.334362835407731762, 0.773477091236827952, -0.829829164611284753, 0.000000000000000000, 0.049492660332457326, 0.663749999999999951, 1.016093750000000018, 0.139076328466553795
0.282704738023319802, 0.910229281776553489, -0.484166308666945655, 0.000000000000000000, 0.046146468582101086, 0.703749999999999987, 0.991093749999999996, 0.073666600361906934
0.427453465521193510, 0.641570501616096522, -1.040894555176403502, 0.000000000000000000, 0.033787891506350330, 0.783749999999999947, 0.941093750000000062, 0.112527590782833267
0.257070374457582074, 0.854649068672095669, -1.147382429930207337, 0.000000000000000000, 0.043270757229896158, 0.683749999999999969, 0.953593750000000018, 0.081896949648227191
0.367528979820126445, 0.539373736799518722, -0.698491910515672165, 0.000000000000000000, 0.038280728916937436, 0.763750000000000040, 1.003593750000000062, 0.125099656982996049
0.184480498989350206, 0.940783058386806981, -0.938519633237629769, 0.000000000000000000, 0.040624505952434213, 0.723750000000000004, 0.978593750000000040, 0.066263371617509073
0.313991845398412628, 0.695542094247001974, -0.912386572732511114, 0.000000000000000000, 0.031502175984090948, 0.798749999999999960, 0.962968750000000040, 0.068041331613369394
0.263695120537966843, 0.823729392935598770, -0.657881272143563178, 0.000000000000000000, 0.040382793819497408, 0.758750000000000036, 0.937968750000000018, 0.128456295502621914
0.378096230099701447, 0.799291766002777404, -1.119764128673244930, 0.000000000000000000, 0.045904852992548727, 0.678749999999999964, 0.987968750000000062, 0.084094385376340064
0.288899236853473518, 0.661389473265799444, -1.015316148085407377, 0.000000000000000000, 0.039713010441449724, 0.738750000000000018, 1.000468750000000018, 0.093489771633686616
0.470461520873080574, 0.636749577873469419, -0.374893313418536156, 0.000000000000000000, 0.054783620003672644, 0.658749999999999947, 0.950468750000000084, 0.061203422173643461
0.235482544303788011, 0.963148533969695131, -0.800096260598201381, 0.000000000000000000, 0.042239368153583735, 0.698749999999999982, 0.925468750000000062, 0.115546899187441404
0.341772399107595160, 0.698214151205957756, -1.237906098239275110, 0.000000000000000000, 0.037469501119473163, 0.778750000000000053, 0.975468749999999996, 0.075643201691983103
0.250211394148456057, 1.032899004294054235, -1.309329266963243699, 0.000000000000000000, 0.036947365512945765, 0.788749999999999951, 1.019218750000000062, 0.064531870761585092
0.358166354863405312, 0.718342095985306184, -0.858264524306710852, 0.000000000000000000, 0.041578405481991605, 0.708749999999999991, 0.969218750000000018, 0.098574060834023730
0.167429607274419662, 0.976831009203420919, -0.555874216577985969, 0.000000000000000000, 0.053744431828107259, 0.668749999999999956, 0.944218749999999996, 0.079756934207539903
0.301305661515878009, 0.835634256692827759, -1.066716416839179615, 0.000000000000000000, 0.039127538663493132, 0.748750000000000027, 0.994218750000000040, 0.121830729401221458
0.218613237317001163, 0.889365691789963719, -1.176053048926283262, 0.000000000000000000, 0.050872249509023207, 0.648750000000000049, 1.006718750000000107, 0.071741648786609366
0.327316017354042921, 0.835008513541142583, -0.735055991477274517, 0.000000000000000000, 0.044270335315352953, 0.728750000000000009, 0.956718750000000062, 0.109587178681858063
0.276466121482058402, 0.843837457812246394, -0.964279632083772542, 0.000000000000000000, 0.034453037213298961, 0.768750000000000044, 0.931718750000000040, 0.088667721773536420
0.405888740259293279, 0.591525434865141420, -1.533573423526254365, 0.000000000000000000, 0.047348328892197325, 0.688749999999999973, 0.981718749999999973, 0.135442182242171610
0.317246961872595712, 0.754090454033624402, -0.977070530043270824, 0.000000000000000000, 0.058612526551379530, 0.641249999999999987, 0.983281249999999996, 0.123454373993313909
0.266938284245984259, 0.759548501675745613, -0.752182677884472239, 0.000000000000000000, 0.045144348118845212, 0.681250000000000022, 1.008281250000000018, 0.065391890425709392
0.384005350061859207, 0.730700576395523882, -1.190878258087251229, 0.000000000000000000, 0.039778257716086833, 0.761249999999999982, 0.958281249999999973, 0.099887762570690430
0.239321043090883673, 0.838419621628118228, -1.079769237821676331, 0.000000000000000000, 0.045808827501183591, 0.701250000000000040, 0.920781249999999996, 0.089849401204155646
0.345646484817836774, 0.799043980088989025, -0.585091888222818213, 0.000000000000000000, 0.033466880000000004, 0.781250000000000000, 0.970781250000000040, 0.137247227388166582
0.119403302347897783, 1.268904326690546203, -0.872092021937791451, 0.000000000000000000, 0.042909264636043325, 0.741249999999999964, 0.995781250000000062, 0.072697753544847865
0.291991694927889511, 0.670861432477900976, -1.329493742745586404, 0.000000000000000000, 0.049117177254226506, 0.661250000000000004, 0.945781250000000018, 0.111047652824169854
0.279593343479562439, 0.871382071858847418, -1.254645816833025229, 0.000000000000000000, 0.050018236007088088, 0.651249999999999996, 0.939531250000000040, 0.130168239365538424
0.415534288756338466, 0.623511726552209988, -0.815146631463832261, 0.000000000000000000, 0.043599970779457958, 0.731249999999999956, 0.989531249999999973, 0.085215115710244344
0.223105658337630464, 0.913782253333221384, -0.437045491135637953, 0.000000000000000000, 0.033899061963965339, 0.771249999999999991, 1.014531250000000107, 0.105319996103936192
0.330799839739636670, 0.924015885938052617, -1.028084672701662372, 0.000000000000000000, 0.046594442936604218, 0.691250000000000031, 0.964531250000000062, 0.068948122048391680
0.176598355611452540, 0.905465995388413880, -1.133458712214523656, 0.000000000000000000, 0.036399801342188079, 0.791250000000000009, 0.927031250000000084, 0.117086798841008297
0.304438361262311052, 0.807349523494140686, -0.678782780248432083, 0.000000000000000000, 0.040897452132900504, 0.711250000000000049, 0.977031250000000018, 0.076651302652712611
0.253674275770495394, 0.954457578065961099, -0.925510354943312352, 0.000000000000000000, 0.052907906189638969, 0.671250000000000013, 1.002031249999999929, 0.094735714778532237
0.362723111464576586, 0.693479413632131947, -1.426302603093723809, 0.000000000000000000, 0.038518719494132075, 0.751249999999999973, 0.952031249999999996, 0.062019083426910065
0.372632328181798533, 0.748121538624814120, -0.951435900313423177, 0.000000000000000000, 0.048111983702774710, 0.686250000000000027, 0.936406249999999996, 0.108145912372094921
0.191453388471615860, 1.160601512457146489, -0.717199462898815199, 0.000000000000000000, 0.051738006427499823, 0.646249999999999991, 0.961406250000000018, 0.087501583529147012
0.310775987093518613, 0.768094188369387809, -1.161568270078878751, 0.000000000000000000, 0.044948912937217270, 0.726249999999999951, 1.011406250000000062, 0.133660876650272431
0.231514200655156488, 0.918480607430524398, -1.053765141114966220, 0.000000000000000000, 0.052226590962691270, 0.666250000000000009, 0.973906249999999973, 0.063683161885662004
0.338016108732248299, 0.641167922925743428, -0.522777898232231308, 0.000000000000000000, 0.037858191010889178, 0.746249999999999969, 0.923906250000000040, 0.097277636611724269
0.285805132456097566, 0.774357293871107522, -0.844188631952582313, 0.000000000000000000, 0.035802659481701853, 0.786250000000000004, 0.948906250000000062, 0.078707988668235154
0.443557201237547161, 0.713087859740038632, -1.290237731986438874, 0.000000000000000000, 0.040162894510141753, 0.706250000000000044, 0.998906249999999996, 0.120228438623304693
0.298190209127514982, 0.892788841236251351, -0.899125504991710178, 0.000000000000000000, 0.037166691300976815, 0.776249999999999996, 0.942656250000000084, 0.060398488316580047
0.246672280765099172, 0.904187279253036658, -0.635539891819040026, 0.000000000000000000, 0.039377841064680438, 0.736249999999999960, 0.967656249999999996, 0.114027251953161185
0.353820712392501457, 0.650428661054110124, -1.106268836666814082, 0.000000000000000000, 0.054439909297052155, 0.656250000000000000, 1.017656249999999929, 0.074648359051880331
0.273318073237914405, 0.889621646142433886, -1.221746007711836279, 0.000000000000000000, 0.041912437675022195, 0.756249999999999978, 0.980156250000000062, 0.102567922689191779
0.397683813401765340, 0.644063536254539382, -0.784626766584624602, 0.000000000000000000, 0.047823398170704627, 0.676250000000000018, 0.930156250000000018, 0.067146467085371420
0.213883566762833766, 0.747385308318103125, -1.002570065840342917, 0.000000000000000000, 0.044677747015950460, 0.716250000000000053, 0.955156250000000040, 0.126766866746340245
0.366301724592130729, 0.673603257755085227, -0.999384860022564880, 0.000000000000000000, 0.037803918558461748, 0.794375000000000053, 1.016484375000000107, 0.087212453266608730
0.182606706624281856, 0.826977056288456192, -0.780687150881146041, 0.000000000000000000, 0.036384004107495010, 0.754375000000000018, 0.991484374999999973, 0.107788567341577046
0.306802239144832845, 0.787725484098095952, -1.217787565167176789, 0.000000000000000000, 0.050145974931307173, 0.674374999999999947, 0.941484375000000040, 0.070564181270517404
0.226340964090497754, 0.888185888693745040, -1.102922909170920729, 0.000000000000000000, 0.041313173381620640, 0.734375000000000000, 0.953984374999999996, 0.119831169469745438
0.333464081988786021, 0.849312376260999091, -0.629693212497548949, 0.000000000000000000, 0.047127874337831561, 0.654375000000000040, 1.003984374999999929, 0.078447914958598514
0.281928106809147871, 0.848367844079961131, -0.895785970025147815, 0.000000000000000000, 0.048387737063535337, 0.694374999999999964, 0.978984375000000018, 0.096956203473279601
0.424187197714325670, 0.597348208764290178, -1.368035076796131344, 0.000000000000000000, 0.035404375290286560, 0.774375000000000036, 0.928984375000000084, 0.063472734501692024
0.294312740450374866, 0.692861180771515484, -0.840626812532454304, 0.000000000000000000, 0.047552650163880987, 0.704374999999999973, 1.010234375000000018, 0.113650473294261214
0.242124754033440359, 0.844145598168717481, -0.513727233300480091, 0.000000000000000000, 0.046314544912294059, 0.664375000000000049, 0.985234374999999996, 0.060198914433690590
0.348639672768021880, 0.807854007643822647, -1.050540723700173817, 0.000000000000000000, 0.040684365881531015, 0.744375000000000009, 0.935234375000000062, 0.091955360715518963
0.269345732264021476, 0.769060985614174242, -1.157995295387846291, 0.000000000000000000, 0.055556130469509232, 0.644375000000000031, 0.947734375000000018, 0.082714177244228637
0.388798462889629770, 0.734812961279067922, -0.712607668447023945, 0.000000000000000000, 0.039960365701591852, 0.724374999999999991, 0.997734375000000062, 0.126347992755890509
0.207568077894225489, 1.128484053168194556, -0.948214418560132666, 0.000000000000000000, 0.041278868030238100, 0.764375000000000027, 0.972734375000000040, 0.066924595950314247
0.326456260953182809, 0.769671743160052713, -0.922241009773023479, 0.000000000000000000, 0.039775779437416385, 0.759375000000000022, 0.969609374999999996, 0.065175816913847037
0.275681261733183525, 0.898266613928250690, -0.673677730148444343, 0.000000000000000000, 0.034251495102519132, 0.799374999999999947, 0.944609375000000084, 0.123046445426486364
0.403724025031117040, 0.647802669516003515, -1.130014799815156401, 0.000000000000000000, 0.046351112355742484, 0.719374999999999987, 0.994609375000000018, 0.080552807166018092
0.249334157008584384, 0.909684727379152402, -1.024889408923826739, 0.000000000000000000, 0.038624856833626042, 0.779375000000000040, 1.007109374999999973, 0.110680719613131265
0.357061453799081441, 0.659941010044888365, -0.423316711276734980, 0.000000000000000000, 0.043673297603103754, 0.699374999999999969, 0.957109375000000040, 0.072457539371336782
0.164867295403089614, 1.049256104839482839, -0.811420404778662396, 0.000000000000000000, 0.051547808899171176, 0.659375000000000044, 0.932109375000000018, 0.136793723288161667
0.300525374520788091, 0.911825084041988476, -1.250401974077725242, 0.000000000000000000, 0.037154990142830704, 0.739375000000000004, 0.982109375000000062, 0.089552513080406307
0.288126045822917620, 0.751800449613998500, -1.324341421939760899, 0.000000000000000000, 0.035702534987106994, 0.749375000000000013, 1.013359375000000062, 0.068720297729958274
0.461758069082367051, 0.680397002897084935, -0.868656649882039167, 0.000000000000000000, 0.049433280937647386, 0.669375000000000053, 0.963359375000000018, 0.104971988709145286
0.234503338828169594, 0.893945442084806197, -0.578089175890895257, 0.000000000000000000, 0.041929010848260201, 0.709374999999999978, 0.938359374999999996, 0.084933540591442910
0.340822899780226396, 0.542335093297408810, -1.076495332530647442, 0.000000000000000000, 0.037231164848364029, 0.789375000000000049, 0.988359375000000040, 0.129738126266963849
0.196229011265899367, 1.090645362983606370, -1.187137567079287859, 0.000000000000000000, 0.049920722269850046, 0.689374999999999960, 1.000859375000000107, 0.061814154634191348
0.313184443069247975, 0.748729344256871099, -0.747963682024614718, 0.000000000000000000, 0.036531229192251879, 0.769375000000000031, 0.950859375000000062, 0.094422680876962387
0.262877740257458969, 0.747055575840943731, -0.973876704096482082, 0.000000000000000000, 0.042621682090096917, 0.729374999999999996, 0.925859375000000040, 0.076398024822003432
0.376692277810893539, 0.727989888584800737, -1.571265276528864607, 0.000000000000000000, 0.048790157857049564, 0.649375000000000036, 0.975859374999999973, 0.116699910563982018
0.303653296488498092, 0.860620562413065948, -0.961074410801949774, 0.000000000000000000, 0.045802629799181878, 0.681875000000000009, 0.989921875000000062, 0.128031839156286298
0.252815166409378733, 0.878068333625618869, -0.730664592891456688, 0.000000000000000000, 0.054237628812709236, 0.641874999999999973, 1.014921874999999973, 0.067816503589928287
0.361562203679100636, 0.618097364372461877, -1.172401648669980645, 0.000000000000000000, 0.038852345345851837, 0.721875000000000044, 0.964921875000000040, 0.103591420356030278
0.278813213704999618, 0.958344527199552099, -1.063469909839490857, 0.000000000000000000, 0.047414089048320923, 0.661874999999999991, 0.927421875000000062, 0.075393254915223903
0.412952447622865537, 0.665659645241621911, -0.548013444901339408, 0.000000000000000000, 0.041555208098971654, 0.741874999999999951, 0.977421874999999996, 0.115165099179371649
0.222002715188961530, 0.842138678535183871, -0.854770146658695107, 0.000000000000000000, 0.035694545882079307, 0.781874999999999987, 1.002421875000000018, 0.061001188559032221
0.329921864261245867, 0.794211673039707078, -1.304462919270209298, 0.000000000000000000, 0.048558077722421732, 0.701875000000000027, 0.952421875000000084, 0.093180854684679765
0.238372641225507276, 0.701167920425202373, -1.233814859750670179, 0.000000000000000000, 0.050520258289002640, 0.691875000000000018, 0.933671875000000040, 0.121428165820583259
0.344666021198781314, 0.740282563835242713, -0.796270347251609056, 0.000000000000000000, 0.037066006654755852, 0.771874999999999978, 0.983671874999999973, 0.079493394481781762
0.111006583493078376, 1.394257948500278621, -0.355364120203318645, 0.000000000000000000, 0.043188615276235180, 0.731875000000000053, 1.008671875000000107, 0.098248343939095678
0.291218481904989224, 0.751687322378026823, -1.012128255862190906, 0.000000000000000000, 0.049497678446181408, 0.651874999999999982, 0.958671875000000062, 0.064318639000708805
0.202119285796058701, 0.997866367324880099, -1.116372727098206452, 0.000000000000000000, 0.036278104959269884, 0.751874999999999960, 0.921171875000000084, 0.134994642527677289
0.316429155766962567, 0.686462433257815641, -0.652442144736176344, 0.000000000000000000, 0.050083720930232556, 0.671875000000000000, 0.971171875000000018, 0.088374738256655136
0.266131246635901153, 0.815682580093315290, -0.909085098800132108, 0.000000000000000000, 0.042541514397747358, 0.711875000000000036, 0.996171875000000040, 0.109225071295166481
0.382480604997427975, 0.786807603077404605, -1.392454361686055186, 0.000000000000000000, 0.037729031968698465, 0.791874999999999996, 0.946171874999999996, 0.071504593856721255
0.395801072919733432, 0.573686853080651482, -0.935276853673836062, 0.000000000000000000, 0.048697519195313774, 0.646874999999999978, 0.943046875000000062, 0.095681056952770474
0.212659058217880920, 0.888365915776637816, -0.693665188929796894, 0.000000000000000000, 0.049867486448512625, 0.686875000000000013, 0.968046874999999973, 0.077416185350619199
0.323057780351315493, 0.825438660476201291, -1.143878274792239358, 0.000000000000000000, 0.036435033798751133, 0.766874999999999973, 1.018046875000000018, 0.118255176461314615
0.153058750150591477, 1.001394372374899699, -1.037687158573587398, 0.000000000000000000, 0.043933484526185521, 0.706875000000000031, 0.980546875000000040, 0.069636136782425695
0.297413466791860481, 0.829418149365168000, -0.473349896041853180, 0.000000000000000000, 0.038845964338730957, 0.786874999999999991, 0.930546874999999996, 0.106370955969921452
0.245774369149575289, 0.998065672908025836, -0.826190468967562652, 0.000000000000000000, 0.037471332784790180, 0.746874999999999956, 0.955546875000000018, 0.086065454391403950
0.352763582605143233, 0.714390501125134803, -1.267633721229600718, 0.000000000000000000, 0.051722941547964009, 0.666874999999999996, 1.005546875000000062, 0.131467153156459376
0.337093661544991985, 0.718577639042719429, -0.882318787011986183, 0.000000000000000000, 0.038011828428082338, 0.736874999999999947, 0.936796875000000084, 0.073423184841365577
0.285030806009155813, 0.711075210474703567, -0.605074439329996494, 0.000000000000000000, 0.039417520091595798, 0.776874999999999982, 0.961796874999999996, 0.138616780493356268
0.438941546114190673, 0.671697759647259307, -1.089638663703444532, 0.000000000000000000, 0.044662872770415654, 0.696875000000000022, 1.011796874999999929, 0.090745984171697602
0.259578727674670939, 0.846317432655684265, -1.202248734263693608, 0.000000000000000000, 0.033329950019223377, 0.796875000000000000, 0.974296875000000062, 0.100884515641790642
0.371325457238529333, 0.864286176573129117, -0.764609100834076072, 0.000000000000000000, 0.045270289272876671, 0.716875000000000040, 0.924296875000000018, 0.066044418482494580
0.189781055019484834, 1.056459891080750557, -0.986640564734537429, 0.000000000000000000, 0.043903557796176794, 0.676875000000000004, 0.949296875000000040, 0.124686291930523663
0.331682757132588046, 0.695003472138685519, -0.993013988973710293, 0.000000000000000000, 0.036072106402788760, 0.760624999999999996, 0.976640625000000040, 0.112900646816085540
0.280372484872307870, 0.812714546812980720, -0.772714230989254958, 0.000000000000000000, 0.046253636014198789, 0.720624999999999960, 1.001640625000000062, 0.091348671079513930
0.418253926958675915, 0.803306821870894971, -1.209961110764416148, 0.000000000000000000, 0.053410113027959547, 0.640625000000000000, 0.951640625000000018, 0.139537399951832009
0.254529216131603953, 0.748859573135612244, -1.096261673804410197, 0.000000000000000000, 0.039003720913671241, 0.740624999999999978, 0.939140625000000062, 0.066483050634837865
0.363899539007776385, 0.736242322455564313, -0.617644543777781552, 0.000000000000000000, 0.053834015514894175, 0.660625000000000018, 0.989140624999999996, 0.101554537321908805
0.178671295638572591, 1.131906533218389965, -0.889075013312918161, 0.000000000000000000, 0.041445408831957575, 0.700625000000000053, 1.014140625000000018, 0.082168457737564954
0.305224818966406630, 0.753507965906883292, -1.356535898252837935, 0.000000000000000000, 0.036832027671777130, 0.780625000000000013, 0.964140624999999973, 0.125514392440057104
0.267742981675590075, 0.951896819938931382, -1.276522459681768584, 0.000000000000000000, 0.037352108710909569, 0.770625000000000004, 0.920390625000000018, 0.096316520007999007
0.385565030416153753, 0.681923240264753150, -0.833447694263603656, 0.000000000000000000, 0.042103970025183762, 0.690625000000000044, 0.970390625000000062, 0.063053963373054855
0.204893036310460380, 0.862545486550452711, -0.494465320724868374, 0.000000000000000000, 0.054881464194721508, 0.650625000000000009, 0.995390624999999973, 0.119040564897897036
0.318067625341026838, 0.800369845466480601, -1.044105742628543831, 0.000000000000000000, 0.039586963187153740, 0.730624999999999969, 0.945390625000000040, 0.077930342773559480
0.292765094054841357, 0.864885099732686902, -0.703256226585488697, 0.000000000000000000, 0.042164418909859322, 0.750624999999999987, 0.982890625000000018, 0.070098623231085136
0.240262375269536255, 0.891896305647636778, -0.941756604546132303, 0.000000000000000000, 0.032966614069896420, 0.790625000000000022, 1.007890624999999929, 0.132340288565574171
0.346635379031020041, 0.607096596140439426, -1.465229381133632991, 0.000000000000000000, 0.044965496542692468, 0.710624999999999951, 0.957890624999999996, 0.086637055692006082
0.354889105443875974, 0.813840045875984686, -0.915679474101036339, 0.000000000000000000, 0.041380763412692582, 0.725624999999999964, 0.929765625000000040, 0.122234627576970761
0.159318550789693564, 1.121662209297814794, -0.663230800666723352, 0.000000000000000000, 0.038961099541857558, 0.765625000000000000, 0.954765625000000062, 0.064745809437044027
0.298967724341570984, 0.703425799396817708, -1.123167973390880814, 0.000000000000000000, 0.044116339498873614, 0.685625000000000040, 1.004765625000000107, 0.098900857558813476
0.215090497079097775, 0.999252420155749110, -1.018505441831679681, 0.000000000000000000, 0.032749617258705267, 0.785625000000000018, 0.992265625000000040, 0.088961676601256756
0.324749181176404222, 0.709996723915054528, -0.392486305129760238, 0.000000000000000000, 0.044814186896545774, 0.705624999999999947, 0.942265624999999996, 0.135891205658480313
0.274107319207385958, 0.637053597421650575, -0.803896017999389589, 0.000000000000000000, 0.047992241398311632, 0.665625000000000022, 0.967265625000000018, 0.071979489610616329
0.399628161521619951, 0.686141587153204058, -1.242033494228932167, 0.000000000000000000, 0.042023567204333187, 0.745624999999999982, 1.017265625000000062, 0.109950486541645631
0.311576607820181484, 0.815502061602744965, -0.861743394453863942, 0.000000000000000000, 0.050078107889760186, 0.655625000000000013, 0.923515625000000062, 0.084373178493734977
0.261234349218173623, 0.983690504756955963, -0.563495472812370224, 0.000000000000000000, 0.046654380275902935, 0.695625000000000049, 0.948515625000000084, 0.104279419867860448
0.373961631053679855, 0.698094168363606715, -1.069969264957762567, 0.000000000000000000, 0.034035872139192687, 0.775625000000000009, 0.998515625000000018, 0.068266904995793201
0.286579066098703872, 0.823097035485640949, -1.179725698225368768, 0.000000000000000000, 0.041007608550561583, 0.715624999999999956, 0.986015625000000062, 0.115929964954384360
0.448749025714671734, 0.551319970797501835, -0.739401880697163172, 0.000000000000000000, 0.036493021723153364, 0.795625000000000027, 0.936015625000000018, 0.075893977102434867
0.232519471712026776, 0.855580773718676024, -0.967481553947635908, 0.000000000000000000, 0.038619917752231843, 0.755624999999999991, 0.961015625000000040, 0.093799712716692935
0.430966383773313422, 0.684763263244489440, -0.980262252294332947, 0.000000000000000000, 0.044005558111686091, 0.713125000000000009, 1.003203124999999973, 0.069176701659246470
0.228441081793706258, 1.022000586329082195, -0.756362341826240514, 0.000000000000000000, 0.047073570882355739, 0.673124999999999973, 0.978203125000000062, 0.130599778392503446
0.335267223254211544, 0.728257532681762076, -1.194643143667164287, 0.000000000000000000, 0.041306451335204282, 0.753125000000000044, 0.928203125000000018, 0.085497624318300700
0.186298125776894030, 1.008896295938317866, -1.083050856461300393, 0.000000000000000000, 0.056154392069778625, 0.653124999999999956, 0.965703124999999996, 0.095049786462789651
0.308386219679634477, 0.627608310318004792, -0.591916122207529982, 0.000000000000000000, 0.040660528268537111, 0.733125000000000027, 1.015703124999999929, 0.062224691607874645
0.257909972030301637, 0.800774056044750715, -0.875513861255611703, 0.000000000000000000, 0.038318643234832236, 0.773124999999999951, 0.990703125000000018, 0.117474969745743396
0.368774757288486132, 0.766805598937044253, -1.334726013426751567, 0.000000000000000000, 0.043303376505531836, 0.693124999999999991, 0.940703125000000084, 0.076905420160359478
0.210153990537004842, 0.934984615235515903, -1.258931343053243390, 0.000000000000000000, 0.041549432098765438, 0.703125000000000000, 0.946953125000000062, 0.065608680273242501
0.321381030262287037, 0.899188736635456065, -0.818849899871880504, 0.000000000000000000, 0.036918259704243735, 0.783124999999999960, 0.996953124999999996, 0.100218914532763298
0.270940234537512648, 0.878311748222120214, -0.449880781312358979, 0.000000000000000000, 0.039098237912572567, 0.743125000000000036, 0.971953124999999973, 0.081087796374741145
0.392201888733722859, 0.635476996383954829, -1.031282519252916030, 0.000000000000000000, 0.053876582208202559, 0.663124999999999964, 0.921953125000000040, 0.123863654941472348
0.243961539720266685, 0.962903383273415958, -1.136916930219557642, 0.000000000000000000, 0.044302875511056293, 0.723125000000000018, 0.959453125000000018, 0.072938764086130398
0.350681469618790875, 0.699857354454849867, -0.683813577839420539, 0.000000000000000000, 0.050933048493588748, 0.643124999999999947, 1.009453125000000062, 0.111415802507073003
0.145826909746414102, 0.978964419225952898, -0.928772549887393772, 0.000000000000000000, 0.047392999952287233, 0.683124999999999982, 0.984453125000000040, 0.090147273583455076
0.302087025556854238, 0.786070722866512361, -0.954652852377539052, 0.000000000000000000, 0.050663212215167022, 0.678124999999999978, 0.956328124999999973, 0.074895836319659279
0.251083872847793210, 0.803204788618510745, -0.721738209661569652, 0.000000000000000000, 0.039068293388658241, 0.718125000000000013, 0.931328125000000062, 0.092566079663719603
0.359284414368709115, 0.769570943112279249, -1.165159905748263780, 0.000000000000000000, 0.034925484246616081, 0.798124999999999973, 0.981328124999999996, 0.060598723834901072
0.277249680711877056, 0.794064302245481413, -1.056994597413287273, 0.000000000000000000, 0.046724784782105157, 0.698124999999999996, 1.018828124999999973, 0.127187129404833232
0.408141799111961190, 0.753701183336062508, -0.531489807412333093, 0.000000000000000000, 0.034142675118143256, 0.778124999999999956, 0.968828125000000040, 0.083263521131684573
0.219757056495203162, 0.951206381941092749, -0.847732748860299701, 0.000000000000000000, 0.043725053969819912, 0.738125000000000031, 0.943828125000000018, 0.102907960026800832
0.328180105494007945, 0.665714046671276649, -1.294919712265958145, 0.000000000000000000, 0.050152911817995707, 0.658124999999999960, 0.993828125000000062, 0.067369073776614954
0.379527852185428338, 0.638050095443263077, -0.902454945282087029, 0.000000000000000000, 0.043032951356391534, 0.748125000000000040, 0.950078124999999996, 0.134103994610030447
0.199235657315499415, 0.952537379811037921, -0.641276542409135342, 0.000000000000000000, 0.033704353316508617, 0.788124999999999964, 0.925078125000000084, 0.071032831300606364
0.314801699000238466, 0.886201971782180409, -1.109625506158462116, 0.000000000000000000, 0.045937917984807848, 0.708125000000000004, 0.975078125000000018, 0.108504442087352382
0.236453649234624225, 0.748579010850403681, -1.225735971944367453, 0.000000000000000000, 0.038151771568700796, 0.768124999999999947, 1.012578125000000107, 0.078968924584782982
0.342729248209149351, 0.749701315769959020, -0.788536524666052951, 0.000000000000000000, 0.043103412717857850, 0.688124999999999987, 0.962578125000000062, 0.120627024819675729
0.289672325072951875, 0.873979065021806445, -1.005755506353078976, 0.000000000000000000, 0.056086794393366370, 0.648124999999999951, 0.937578125000000040, 0.063894286887030541
0.482035872627973427, 0.591461765097586856, -1.854927838294452958, 0.000000000000000000, 0.040478181583746248, 0.728125000000000022, 0.987578124999999973, 0.097600135378347261
0.489771208788288337, 0.554394664228540557, -1.004162738577061953, 0.000000000000000000, 0.045737973960394897, 0.693437500000000040, 0.966679687499999996, 0.116506946085884286
0.236936249972096169, 0.866745507510744750, -0.786585315737978186, 0.000000000000000000, 0.053968169017499103, 0.653437500000000004, 0.941679687500000084, 0.061711944306605031
0.343210507812111154, 0.834617651460692556, -1.223736982719506372, 0.000000000000000000, 0.038933201946333332, 0.733437499999999964, 0.991679687500000018, 0.094266552022638880
0.199967546163018761, 0.782329619411190169, -1.107945803122824424, 0.000000000000000000, 0.045022152120197459, 0.673437500000000022, 1.004179687499999973, 0.084793102126203182
0.315207575714370081, 0.776007359298798494, -0.638421603816625716, 0.000000000000000000, 0.039668180592855116, 0.753437499999999982, 0.954179687500000040, 0.129523602967815676
0.264916091278251997, 0.905266712078476865, -0.900791462356143824, 0.000000000000000000, 0.034101494433974540, 0.793437500000000018, 0.929179687500000018, 0.068606668025170209
0.380254531047041211, 0.659900388755095046, -1.376955595572560531, 0.000000000000000000, 0.046303890819976407, 0.713437499999999947, 0.979179687500000062, 0.104798416468016312
0.328613819334263257, 0.748079233140836242, -0.845962867097262539, 0.000000000000000000, 0.036383870713168974, 0.763437499999999991, 0.960429687500000018, 0.089404437097610923
0.277640997425478708, 0.755841893389261110, -0.527174224249219225, 0.000000000000000000, 0.042524805358983807, 0.723437499999999956, 0.935429687499999996, 0.110497707927925903
0.409304355626584571, 0.714989562417495894, -1.055379219492468046, 0.000000000000000000, 0.048684261115924339, 0.643437499999999996, 0.985429687500000040, 0.072337730099834643
0.251518376094929996, 0.826846371405694613, -1.163361717139888007, 0.000000000000000000, 0.037417921030680215, 0.743437499999999973, 0.997929687499999996, 0.122842986889039718
0.359848546394142210, 0.793413451861496144, -0.719475337550424587, 0.000000000000000000, 0.051757116337251496, 0.663437500000000013, 0.947929687500000062, 0.080419612287641773
0.171052333498884185, 1.070135111182588750, -0.953044923017493106, 0.000000000000000000, 0.043916312627528598, 0.703437500000000049, 0.922929687500000040, 0.099393085161254710
0.296249639328216408, 0.995939718497877213, -0.927142324683988828, 0.000000000000000000, 0.047399575938365322, 0.658437500000000009, 1.019804687499999973, 0.102059972235789817
0.244416931598182174, 0.933579617190338329, -0.681307253088165865, 0.000000000000000000, 0.048583196953090199, 0.698437500000000044, 0.994804687500000062, 0.082577408518647963
0.351198102469056361, 0.679596696953335355, -1.135186002388873128, 0.000000000000000000, 0.035644981910792142, 0.778437500000000004, 0.944804687500000018, 0.126139075076665164
0.271337655213298778, 0.925144520940731185, -1.029683254484254240, 0.000000000000000000, 0.040830203800998256, 0.718437499999999951, 0.957304687499999973, 0.060099374922052529
0.393082200633821544, 0.667242528051381734, -0.443566256228106748, 0.000000000000000000, 0.036352189214961646, 0.798437500000000022, 1.007304687500000018, 0.091803311599945481
0.210787538073909320, 0.831575040863642201, -0.817001089079309351, 0.000000000000000000, 0.034811637855882080, 0.758437499999999987, 0.982304687499999996, 0.074278675559888221
0.321798898499637553, 0.786451007696432836, -1.256783274393686423, 0.000000000000000000, 0.048067985490239093, 0.678437500000000027, 0.932304687500000062, 0.113462551091418035
0.258328443316145184, 0.774005991663416881, -1.332099649780565720, 0.000000000000000000, 0.053242908985338948, 0.648437500000000000, 0.963554687500000062, 0.096795885413812871
0.369404864297317004, 0.746176397195918883, -0.873804603929339119, 0.000000000000000000, 0.038232753805469380, 0.728437499999999960, 1.013554687500000107, 0.063367781695581354
0.187187193743845764, 1.150721793757596867, -0.588525562949042014, 0.000000000000000000, 0.039690534360916345, 0.768437499999999996, 0.988554687499999973, 0.119633027423493465
0.308783319265502287, 0.765525887443250563, -1.081409060852692061, 0.000000000000000000, 0.045020109375054733, 0.688437500000000036, 0.938554687500000040, 0.078318200540698102
0.228959493508681194, 0.917694221852905501, -1.192757627113806063, 0.000000000000000000, 0.035168797440087066, 0.788437500000000013, 0.951054687499999996, 0.107610337859296801
0.335721588630278900, 0.629476825496892434, -0.754277339145175585, 0.000000000000000000, 0.047744347515775040, 0.708437500000000053, 1.001054687499999929, 0.070447502685714258
0.283868420008922318, 0.771194189162163535, -0.978666635660785600, 0.000000000000000000, 0.046579464041976507, 0.668437500000000018, 0.976054687500000018, 0.132998943551536075
0.432829874568098072, 0.715454643548369518, -1.593223503400649887, 0.000000000000000000, 0.040902890067599076, 0.748437499999999978, 0.926054687500000084, 0.087068246596296098
0.339411900876541162, 0.788647290259211653, -0.965880986541332365, 0.000000000000000000, 0.038752916132439370, 0.780937499999999951, 0.940117187500000062, 0.081491368725699245
0.286965908366359712, 0.972750537325261844, -0.737234519258182841, 0.000000000000000000, 0.037312236765029996, 0.740937500000000027, 0.965117187499999973, 0.100717702078567839
0.451617766806821863, 0.640672346776813839, -1.177886674235681497, 0.000000000000000000, 0.051698718486103426, 0.660937499999999956, 1.015117187500000018, 0.065935213371006898
0.261646309210897932, 0.868701103853356194, -1.068342027374130865, 0.000000000000000000, 0.044461655213801535, 0.720937500000000009, 0.977617187500000040, 0.138387576249974942
0.374635054701326853, 0.618015249513153786, -0.559713614616655808, 0.000000000000000000, 0.051141527328120731, 0.640937500000000049, 0.927617187499999996, 0.090595934772426168
0.193884014212396150, 0.945944051309405398, -0.860005865461914709, 0.000000000000000000, 0.052103172655838477, 0.680937499999999973, 0.952617187500000018, 0.111970316741790477
0.311977724999881301, 0.857258623546752196, -1.311787323607323863, 0.000000000000000000, 0.038096715843976239, 0.760937500000000044, 1.002617187500000062, 0.073301778865348013
0.274501358095820658, 0.808603992567940022, -1.239965197313961598, 0.000000000000000000, 0.034841923015141676, 0.790937499999999960, 0.983867187500000018, 0.085923144295289744
0.400625097598023117, 0.779044477440724914, -0.801999355429201533, 0.000000000000000000, 0.047279314092500906, 0.710937500000000000, 0.933867187500000084, 0.131249770893926088
0.215687611209799013, 0.972440608400368500, -0.383904287678572986, 0.000000000000000000, 0.046087206094920417, 0.670937499999999964, 0.958867187499999996, 0.069520992728535486
0.325174439832883078, 0.685273798802238043, -1.016910601448644424, 0.000000000000000000, 0.040514622362219234, 0.750937500000000036, 1.008867187499999929, 0.106195070522329446
0.160764682134358655, 1.167877830349065116, -1.121464467802393949, 0.000000000000000000, 0.052679845001796545, 0.650937499999999947, 0.971367187500000062, 0.077288176908022241
0.299356795236796258, 0.747403733693640770, -0.660566964385114641, 0.000000000000000000, 0.037848837517485627, 0.730937500000000018, 0.921367187500000018, 0.118059640335383298
0.248009030359428506, 0.719570703982273518, -0.914034072087008376, 0.000000000000000000, 0.039323118672763412, 0.770937500000000053, 0.946367187500000040, 0.062534382661307369
0.355427661477983436, 0.733660100007432758, -1.402175723755779924, 0.000000000000000000, 0.044557443856741132, 0.690937499999999982, 0.996367187499999973, 0.095522847360925062
0.347133080848159581, 0.713071404947528631, -0.940138824523534922, 0.000000000000000000, 0.039880170642228562, 0.745937500000000031, 0.993242187500000040, 0.071386360290230322
0.129277868158746756, 1.070794913057483866, -0.700881706895788881, 0.000000000000000000, 0.034224237082475330, 0.785937499999999956, 1.018242187500000062, 0.134771427525922333
0.293151886030973030, 0.827310872554417931, -1.149140610004523833, 0.000000000000000000, 0.046634572329931658, 0.705937499999999996, 0.968242187500000018, 0.088228609736399177
0.205570651813948790, 0.892957406235496243, -1.042499655874193909, 0.000000000000000000, 0.040509365031566894, 0.765937500000000049, 0.930742187500000040, 0.098085889312347879
0.318479061935658447, 0.821678264987512175, -0.489376744488975279, 0.000000000000000000, 0.046046253392209469, 0.685937499999999978, 0.980742187499999973, 0.064212287482984895
0.268144482418127827, 0.838052455775492033, -0.831640909462718070, 0.000000000000000000, 0.054442270067869107, 0.645937500000000053, 1.005742187500000107, 0.121227383124772367
0.386358669104454988, 0.540749285440224270, -1.274282022395955227, 0.000000000000000000, 0.039119186395047446, 0.725937500000000013, 0.955742187500000062, 0.079361951352954485
0.305618595514455527, 0.716114202362079788, -0.887390332211264843, 0.000000000000000000, 0.050291445952811639, 0.675937499999999969, 0.986992187500000062, 0.093026779202479024
0.254955165892405022, 0.845891517266833093, -0.614553308610897631, 0.000000000000000000, 0.042780271843535549, 0.715937500000000004, 1.011992187499999973, 0.075268591408486865
0.364493784183131997, 0.834065536358382986, -1.094602457582263932, 0.000000000000000000, 0.037927558677391150, 0.795937499999999964, 0.961992187500000040, 0.114974672527364610
0.280761708771099905, 0.698141946322410556, -1.208022616123991533, 0.000000000000000000, 0.048526382243152526, 0.695937499999999987, 0.924492187500000062, 0.067704368317858241
0.419671221685706031, 0.680507135347766856, -0.770700697474933638, 0.000000000000000000, 0.035548049734570430, 0.775937499999999947, 0.974492187499999996, 0.103420130898585108
0.224736654252113727, 0.998281379278902037, -0.991420963329140204, 0.000000000000000000, 0.041455997764164421, 0.735937500000000022, 0.999492187500000018, 0.083677922021516055
0.310376460689812450, 0.742653456682901836, -0.985046536333876066, 0.000000000000000000, 0.046135786250331504, 0.702187499999999964, 0.926835937500000040, 0.061304790262107695
0.259993828356136991, 0.729993578460698789, -0.762561074626651791, 0.000000000000000000, 0.049483303605371842, 0.662187500000000040, 0.951835937500000062, 0.115738273589110804
0.371976158164518955, 0.724247047886574236, -1.200337598407004158, 0.000000000000000000, 0.043203013850415514, 0.742187500000000000, 1.001835937500000107, 0.075768485646515518
0.285418022890527368, 0.801086927046826602, -1.087988527345885581, 0.000000000000000000, 0.056432533551186645, 0.642187500000000022, 0.989335937500000040, 0.104106992796289571
0.441186483199354829, 0.763172604628044482, -0.601842886470914440, 0.000000000000000000, 0.040596016904833637, 0.722187499999999982, 0.939335937499999996, 0.068154024980459887
0.231008090658880672, 0.949649246216985321, -0.880622258442635197, 0.000000000000000000, 0.038254273481644209, 0.762187500000000018, 0.964335937500000018, 0.128669051075167434
0.337554094817225148, 0.683466227425791772, -1.342732824127902846, 0.000000000000000000, 0.043240053644022690, 0.682187499999999947, 1.014335937500000062, 0.084233666592870557
0.246224014301161337, 0.876284505234721234, -1.265441199584672827, 0.000000000000000000, 0.040191449834525161, 0.712187499999999973, 0.970585937499999996, 0.071860470799210860
0.353290766065988748, 0.578842719224884950, -0.824363352049777287, 0.000000000000000000, 0.035830055748125839, 0.792187500000000044, 0.920585937500000062, 0.109768682304182519
0.154702453697312697, 1.031986847673346031, -0.467727114630953511, 0.000000000000000000, 0.037886313099050356, 0.752187500000000009, 0.945585937500000084, 0.088814577572533429
0.297801746025224801, 0.851754341386472102, -1.036084786362796883, 0.000000000000000000, 0.052088689355777353, 0.672187500000000049, 0.995585937500000018, 0.135666508180553924
0.213273559480615993, 0.836963893415544113, -1.142132165950226375, 0.000000000000000000, 0.044880829357213908, 0.732187499999999991, 0.983085937500000062, 0.064638751588699028
0.323479217817623232, 0.789176358768307606, -0.691227589913780749, 0.000000000000000000, 0.051629534510875617, 0.652187500000000031, 0.933085937500000018, 0.098737323994220111
0.272922845359894473, 0.932313378745772026, -0.933653183169451895, 0.000000000000000000, 0.048026333892147222, 0.692187499999999956, 0.958085937500000040, 0.079889031526206952
0.396735053657830017, 0.668416745571409954, -1.445007508205263136, 0.000000000000000000, 0.035068715349777374, 0.772187500000000027, 1.008085937499999973, 0.122032511388518949
0.383238743812338745, 0.707927838652688712, -0.907431031639302388, 0.000000000000000000, 0.054346593246274583, 0.667187500000000044, 0.979960937500000018, 0.086493800447381308
0.202822557817545657, 1.042430185165701406, -0.649687572234462829, 0.000000000000000000, 0.042073987404047788, 0.707187499999999969, 1.004960937499999929, 0.106900362103688543
0.316837708246519023, 0.728240579377556152, -1.114681554860234236, 0.000000000000000000, 0.037345708148047052, 0.787187500000000040, 0.954960937499999996, 0.069982714451191641
0.115444954143195749, 1.331966407035679589, -1.010534743858752638, 0.000000000000000000, 0.047893943276130516, 0.687187499999999951, 0.942460937500000040, 0.118843730124271560
0.291605069674057471, 0.726108403399445046, -0.344706379532737972, 0.000000000000000000, 0.034858325624997410, 0.767187500000000022, 0.992460937499999973, 0.077801484166482554
0.238847740791339913, 0.868639255826844425, -0.794347310332803480, 0.000000000000000000, 0.044755526803767882, 0.727187499999999987, 1.017460937500000107, 0.096157259671588183
0.345155217431319328, 0.843211353971036082, -1.231782411934413402, 0.000000000000000000, 0.051490298180875402, 0.647187500000000027, 0.967460937500000062, 0.062949703009225352
0.330360244353504195, 0.835700700837055277, -0.853016978577411211, 0.000000000000000000, 0.040821478168105933, 0.757187500000000013, 0.973710937500000040, 0.125306853127354123
0.279203406929619646, 0.842623956933517992, -0.543987024872188751, 0.000000000000000000, 0.031871038190571306, 0.797187500000000049, 0.998710937500000062, 0.066373120240666217
0.414227195264729064, 0.590537477538805033, -1.061848930510563616, 0.000000000000000000, 0.043460587333456743, 0.717187499999999978, 0.948710937500000018, 0.101386615871086161
0.253245250927925769, 1.051029207923035003, -1.170583704323952867, 0.000000000000000000, 0.037878350615803705, 0.777187500000000031, 0.936210937500000062, 0.091197625131367199
0.362140758642481297, 0.716876409816706417, -0.728451286720408708, 0.000000000000000000, 0.042749561464398504, 0.697187499999999960, 0.986210937499999996, 0.139306673454899055
0.175532705618820783, 0.958678498597739126, -0.959470468028158385, 0.000000000000000000, 0.055405304877731675, 0.657187500000000036, 1.011210937500000018, 0.073788610573054261
0.377390889594168499, 0.760336975293034567, -0.972278909669250457, 0.000000000000000000, 0.033421197925421468, 0.774687499999999973, 0.953398437500000084, 0.097438752570986678
0.196993011657832090, 0.983540019797075060, -0.745838988429642802, 0.000000000000000000, 0.042995360581241746, 0.734687500000000049, 0.928398437500000062, 0.078838348672215453
0.313587843902330798, 0.632981606147399178, -1.185276051581362733, 0.000000000000000000, 0.049245561371830872, 0.654687499999999978, 0.978398437499999996, 0.120427566818582840
0.234993971692998349, 1.012785656473718987, -1.074861162636308709, 0.000000000000000000, 0.037981387892270957, 0.754687499999999956, 1.015898437499999973, 0.070915377798255907
0.341296746185622057, 0.723676785986241633, -0.574516928910534297, 0.000000000000000000, 0.052135882818478439, 0.674687499999999996, 0.965898437500000040, 0.108325028898966155
0.288512658704876468, 0.724959480889378782, -0.866933740998489855, 0.000000000000000000, 0.040296200899018787, 0.714687500000000031, 0.940898437500000018, 0.087646507913191715
0.465850053110281270, 0.660319332053712071, -1.321794108174492610, 0.000000000000000000, 0.035916719255390070, 0.794687499999999991, 0.990898437500000062, 0.133882252303582333
0.300915388216593471, 0.808429076800173729, -0.809548446233034014, 0.000000000000000000, 0.044464710932092005, 0.684687500000000004, 0.947148437499999996, 0.067257678334249948
0.249773380195464439, 0.955154427036147946, -0.416068705188490040, 0.000000000000000000, 0.057732563371584701, 0.644687499999999969, 0.922148437500000084, 0.126976824204702937
0.357612292182183100, 0.694979305681050041, -1.023292652598343899, 0.000000000000000000, 0.041690956515174252, 0.724687500000000040, 0.972148437500000018, 0.083125844060450274
0.276073859158803003, 0.872502126823580970, -1.128298056969526675, 0.000000000000000000, 0.048369089387150545, 0.664687499999999987, 1.009648437500000107, 0.092413020718211072
0.404795876329147430, 0.627781530321843806, -0.671096288484165360, 0.000000000000000000, 0.042321740105858943, 0.744687499999999947, 0.959648437500000062, 0.060498523234389229
0.218035823072911999, 0.920223915183605912, -0.920603547513182852, 0.000000000000000000, 0.033001111318878736, 0.784687499999999982, 0.934648437500000040, 0.114216109441073022
0.326885606628006364, 0.901400601362984721, -1.415695437721450567, 0.000000000000000000, 0.045148253941721027, 0.704687500000000022, 0.984648437499999973, 0.074771995299582478
0.320132493263380835, 0.649415346213408240, -0.946601880876847934, 0.000000000000000000, 0.039297558725818978, 0.739687500000000053, 1.006523437500000062, 0.137474542930226956
0.269745102912534618, 0.792977470749234747, -0.710291212016000539, 0.000000000000000000, 0.037096075919373812, 0.779687499999999978, 0.981523437500000040, 0.072818159104713065
0.389632468009410371, 0.756090902791583863, -1.156215617956088737, 0.000000000000000000, 0.041774375683331803, 0.699687500000000018, 0.931523437499999996, 0.111231575354895168
0.242586283832584737, 0.801285470428155233, -1.048930305538800845, 0.000000000000000000, 0.032800889244391181, 0.799687499999999996, 0.969023437499999973, 0.080953716886317140
0.349146500629225365, 0.769145660429682576, -0.509064247257715929, 0.000000000000000000, 0.044552886425585837, 0.719687500000000036, 1.019023437500000018, 0.123658845139857684
0.139509761832054907, 1.340162477407489172, -0.838839081125932640, 0.000000000000000000, 0.047678266613819527, 0.679687500000000000, 0.994023437499999996, 0.065500195659274729
0.294699881729656332, 0.785197438002401715, -1.283320135680859231, 0.000000000000000000, 0.041804059419661803, 0.759687499999999960, 0.944023437500000062, 0.100053201547681506
0.282316512931249153, 0.870671146775496174, -1.365119504374332049, 0.000000000000000000, 0.044819133473031653, 0.729687500000000044, 0.950273437500000040, 0.117280723699478395
0.425792039448002479, 0.618843986895678211, -0.894112292758288518, 0.000000000000000000, 0.051561215582379603, 0.649687499999999973, 1.000273437499999973, 0.076778256273151588
0.226870063550237477, 0.677221199252355466, -0.626726702421933402, 0.000000000000000000, 0.047961248644743451, 0.689687500000000009, 0.975273437500000062, 0.094892620683060647
0.333912765903361608, 0.749519990846645112, -1.101253847248083950, 0.000000000000000000, 0.034964572712276487, 0.769687499999999969, 0.925273437500000018, 0.062121802453265373
0.183550902628731250, 0.978540620723615251, -1.215819836720411162, 0.000000000000000000, 0.040084220061848502, 0.709687500000000027, 0.962773437499999996, 0.130383830342882867
0.307197592967805799, 0.872429673971759301, -0.778705829750647949, 0.000000000000000000, 0.035741573123444483, 0.789687499999999987, 1.012773437499999929, 0.085356253134934404
0.256649217414041064, 0.882404022945280198, -0.997792254228019759, 0.000000000000000000, 0.037789123264330822, 0.749687499999999951, 0.987773437500000018, 0.105494432210659558
0.324324902173566743, 0.871996911172539968, -1.000977451775019178, 0.000000000000000000, 0.046390546064218198, 0.661562500000000053, 0.920195312500000084, 0.072577547076789206
0.273712894375930493, 0.865940880363733401, -0.782660753640457618, 0.000000000000000000, 0.047651350935759250, 0.701562499999999978, 0.945195312499999996, 0.137020287714645583
0.398647965215203293, 0.622050079884049700, -1.219762912450166548, 0.000000000000000000, 0.034957628304136165, 0.781562500000000049, 0.995195312500000040, 0.089700834313855865
0.247119190959223439, 0.945620004885954324, -1.104594555580638016, 0.000000000000000000, 0.047098435258782184, 0.681562499999999960, 0.982695312499999973, 0.099722597148714939
0.354353474199025853, 0.689431635364837203, -0.632630679993832268, 0.000000000000000000, 0.041343876352949470, 0.761562500000000031, 0.932695312500000040, 0.065283764275939099
0.157828410814722347, 0.914397115525429016, -0.897457024077388366, 0.000000000000000000, 0.040004644112958489, 0.721562499999999996, 0.957695312500000062, 0.123250240941871328
0.298578865441357033, 0.802825024721524616, -1.370979081117829068, 0.000000000000000000, 0.055705489857310261, 0.641562500000000036, 1.007695312500000107, 0.080686222648238645
0.286192143824616274, 0.751819800050005149, -1.287918098059605221, 0.000000000000000000, 0.050257665268358828, 0.671562499999999951, 0.976445312499999996, 0.061916534247499926
0.446070980720463584, 0.690267691676018869, -0.842409971440970073, 0.000000000000000000, 0.036409939445282480, 0.751562500000000022, 0.926445312500000062, 0.094579068319498041
0.232017980622246850, 1.109373994591072776, -0.518296955764087630, 0.000000000000000000, 0.037850472460715552, 0.791562499999999947, 0.951445312500000084, 0.076524558951364341
0.338479729696495812, 0.742243777733968879, -1.052152322405545126, 0.000000000000000000, 0.042692298864607958, 0.711562499999999987, 1.001445312500000018, 0.116893194639245843
0.192273634206055005, 1.016409576816174720, -1.159779487979258672, 0.000000000000000000, 0.035428704350306706, 0.771562500000000040, 0.988945312500000062, 0.068834115633797294
0.311176032343937869, 0.682896197720050391, -0.714910328084665370, 0.000000000000000000, 0.048490526239701355, 0.691562499999999969, 0.938945312500000018, 0.105145848429073083
0.260821625016328551, 0.818247456531174922, -0.949825745234108787, 0.000000000000000000, 0.047207126385222765, 0.651562500000000044, 0.963945312500000040, 0.085074211657708260
0.373294104906224500, 0.787449314639145470, -1.487325222611606268, 0.000000000000000000, 0.041370871311160871, 0.731562500000000004, 1.013945312499999973, 0.129953004870047545
0.363309343607303659, 0.659775806977577983, -0.923876597724363369, 0.000000000000000000, 0.042509948414757789, 0.706562499999999982, 0.973320312500000062, 0.078577844215835080
0.177644255220323788, 1.016436539118178661, -0.676239747652817136, 0.000000000000000000, 0.050128261514138656, 0.666562499999999947, 0.998320312499999973, 0.097116787059324056
0.304831410944144676, 0.921495072344123645, -1.131734998250834012, 0.000000000000000000, 0.036192812704945107, 0.746562500000000018, 0.948320312500000040, 0.063577861135751465
0.223652385180933444, 0.789372418855089020, -1.026486736586288862, 0.000000000000000000, 0.049509888545517959, 0.646562500000000040, 0.935820312500000084, 0.133439867043836063
0.331240670524345471, 0.768248326908420709, -0.430301887495541657, 0.000000000000000000, 0.043185385593710254, 0.726562500000000000, 0.985820312500000018, 0.087356898779031716
0.279983032944466692, 0.898180655075515588, -0.813286434673133551, 0.000000000000000000, 0.037009184823063319, 0.766562500000000036, 1.010820312499999929, 0.107967092016205773
0.416875780080484482, 0.641531793901316871, -1.252518779019043960, 0.000000000000000000, 0.050591602029415296, 0.686562499999999964, 0.960820312499999996, 0.070681053104075020
0.292378366705831561, 0.779436411341351554, -0.870376056938118148, 0.000000000000000000, 0.034687715903635931, 0.796562499999999951, 0.979570312500000040, 0.126557256454750688
0.239792578113711019, 0.790834221947611993, -0.581613613455580047, 0.000000000000000000, 0.040287031364176974, 0.756562500000000027, 1.004570312500000062, 0.067035439725413579
0.346139859655260507, 0.763685226166205378, -1.078131343042231016, 0.000000000000000000, 0.045789993012923427, 0.676562499999999956, 0.954570312500000018, 0.102398325595452477
0.267340919537006061, 0.786029255843545216, -1.189004937273998808, 0.000000000000000000, 0.037666082435461115, 0.736562500000000009, 0.942070312500000062, 0.074524927237959615
0.384780687033598412, 0.750231867836536170, -0.750078184650438740, 0.000000000000000000, 0.052275825228620086, 0.656562500000000049, 0.992070312499999996, 0.113838706743008736
0.204209259202171256, 0.963162628951049538, -0.975473898523019356, 0.000000000000000000, 0.044280288323842426, 0.696562499999999973, 1.017070312500000018, 0.060298618807515504
0.407003669487184916, 0.668819723557147583, -0.962677452805382750, 0.000000000000000000, 0.042672796644895310, 0.734062499999999951, 0.946757812500000018, 0.106547132727557517
0.219186956414897410, 0.844293618748678587, -0.732866087672796596, 0.000000000000000000, 0.036624062896614129, 0.774062499999999987, 0.921757812499999996, 0.086208000188429945
0.327747510949603638, 0.794704325227733599, -1.174224735530011277, 0.000000000000000000, 0.049912819002274747, 0.694062500000000027, 0.971757812500000040, 0.131684895458082568
0.168664946088939449, 1.003986863274857644, -1.065092391515771064, 0.000000000000000000, 0.037300278579660354, 0.794062500000000004, 1.009257812500000018, 0.062741699183195138
0.301696204065220019, 0.860413559446000176, -0.551974975296780301, 0.000000000000000000, 0.042007766376664479, 0.714062500000000044, 0.959257812499999973, 0.095839528579046901
0.250648218566750625, 0.879684693803628015, -0.856519306490618360, 0.000000000000000000, 0.049452258272652858, 0.674062500000000009, 0.934257812500000062, 0.077544405807032896
0.358723706704194956, 0.615605841834317769, -1.306887917111026143, 0.000000000000000000, 0.035822675523467393, 0.754062499999999969, 0.984257812499999996, 0.118451036443700475
0.235969091962422856, 0.921187767213909603, -1.235856037676415387, 0.000000000000000000, 0.038351945957233034, 0.724062500000000053, 1.003007812499999929, 0.101051605489760818
0.342249889318033185, 0.656774218850367686, -0.798186627270535798, 0.000000000000000000, 0.053533647807848021, 0.644062499999999982, 0.953007812499999996, 0.066153804464806260
0.289285789300351592, 0.780290764097595346, -0.365400917144042880, 0.000000000000000000, 0.045212148203119508, 0.684062500000000018, 0.928007812500000084, 0.124892803439550587
0.475764287576292966, 0.702268847560009402, -1.013722045088882417, 0.000000000000000000, 0.039837237214631921, 0.764062499999999978, 0.978007812500000018, 0.081761532216711674
0.264102777902162522, 0.643195979866865164, -1.118066900172704825, 0.000000000000000000, 0.047975486253077959, 0.704062500000000036, 1.015507812500000107, 0.112341525277538018
0.378808486116117726, 0.704397822893720660, -0.655173185064433894, 0.000000000000000000, 0.035268807502238646, 0.784062499999999996, 0.965507812500000062, 0.073544791895873235
0.198496091845722200, 1.039571552455867520, -0.910736930334221428, 0.000000000000000000, 0.041059338410039864, 0.744062499999999960, 0.940507812500000040, 0.138846364355967922
0.314396459683156382, 0.721123033075754094, -1.395657466259515811, 0.000000000000000000, 0.046785993079584774, 0.664062500000000000, 0.990507812499999973, 0.090896282090091651
0.307989572594087657, 0.812938337108414899, -0.936898989949666250, 0.000000000000000000, 0.039399206667558050, 0.779062499999999991, 0.999882812499999996, 0.115355841225273689
0.257490620837393491, 0.969601729513224875, -0.696086515159865526, 0.000000000000000000, 0.038012416807834480, 0.739062499999999956, 0.974882812499999973, 0.061102221698334985
0.368149499693299687, 0.697506135304816866, -1.145628340640087561, 0.000000000000000000, 0.052635400992067906, 0.659062499999999996, 0.924882812500000040, 0.093335185354197742
0.283092791388408760, 0.821257937756593503, -1.039290402152014847, 0.000000000000000000, 0.038769222112185323, 0.759062499999999973, 0.962382812500000018, 0.083955334462704631
0.429176383463158118, 0.544150223739341188, -0.478826695901309329, 0.000000000000000000, 0.043887995774608217, 0.679062500000000013, 1.012382812500000062, 0.128243891723559600
0.227920072090914694, 0.855521780012660549, -0.828012378581757025, 0.000000000000000000, 0.045233247982236997, 0.719062500000000049, 0.987382812500000040, 0.067928824585897024
0.334814313420088716, 0.808244379800544421, -1.269837883508171839, 0.000000000000000000, 0.033340424936401165, 0.799062500000000009, 0.937382812499999996, 0.103762993511416796
0.350167355160469596, 0.875452120489460750, -0.884012272627624496, 0.000000000000000000, 0.049810521336274498, 0.689062500000000022, 1.006132812499999973, 0.088521108802082943
0.143821290858401063, 1.210179332442380185, -0.608269294803111982, 0.000000000000000000, 0.048661904264071104, 0.649062499999999987, 0.981132812500000062, 0.109405975177602144
0.295474503718601400, 0.735839053001088650, -1.091290999737963174, 0.000000000000000000, 0.042519331186066808, 0.729062499999999947, 0.931132812500000018, 0.071623023247403078
0.209515395373546187, 1.044472406337390469, -1.204166541704864368, 0.000000000000000000, 0.051660154353919747, 0.669062500000000004, 0.968632812499999996, 0.121629281062473296
0.320964016462081225, 0.734396023139091358, -0.766648279394447574, 0.000000000000000000, 0.037472093906842599, 0.749062499999999964, 1.018632812499999929, 0.079625055313120405
0.270542342932607371, 0.725453402772496814, -0.988234287683840029, 0.000000000000000000, 0.038828507009116754, 0.789062500000000000, 0.993632812500000018, 0.098411067631107935
0.356513776588308240, 0.744941847644480348, -0.994606855075785168, 0.000000000000000000, 0.054803008578752907, 0.652812500000000018, 0.960039062500000040, 0.136116275291312538
0.163536508092174543, 1.185894357879262451, -0.774719505037128164, 0.000000000000000000, 0.042094863389045445, 0.692812500000000053, 0.935039062500000018, 0.072098705546773598
0.300135610825794985, 0.761120273205591613, -1.211906732435555023, 0.000000000000000000, 0.037346978585872589, 0.772812500000000013, 0.985039062500000062, 0.110132591892140877
0.216869593272509653, 0.987722589192560063, -1.097923278549862047, 0.000000000000000000, 0.044932106929112099, 0.712812499999999960, 0.997539062500000018, 0.080153882883942373
0.326027962765775725, 0.702470192803120397, -0.620703240881555596, 0.000000000000000000, 0.032980706979354353, 0.792812500000000031, 0.947539062500000084, 0.122437078520097067
0.275288319160682915, 0.821407464118978137, -0.890756865756539007, 0.000000000000000000, 0.042136853273174263, 0.752812499999999996, 0.922539062500000062, 0.064853044599811269
0.402672208250771713, 0.826771575348178578, -1.359370633967047048, 0.000000000000000000, 0.048113985195265399, 0.672812500000000036, 0.972539062499999996, 0.099064661975660731
0.312781630888557316, 0.838350278493204648, -0.835249598894816092, 0.000000000000000000, 0.046209613551031793, 0.722812499999999969, 0.966289062500000018, 0.076019676403415060
0.262467991250767030, 0.854592141613792822, -0.499438740413237880, 0.000000000000000000, 0.036076980022257350, 0.762812500000000004, 0.941289062499999996, 0.093955068369022426
0.376000215300456131, 0.587245513939421704, -1.045712853984996027, 0.000000000000000000, 0.049530133162974097, 0.682812500000000044, 0.991289062500000040, 0.061508030389399490
0.287739389170274418, 0.921341319184753260, -1.152669516536970251, 0.000000000000000000, 0.036827263636399855, 0.782812500000000022, 1.003789062500000107, 0.129095619932302841
0.458071536359034970, 0.626596676429904242, -0.705615782636747513, 0.000000000000000000, 0.041436923401161840, 0.702812499999999951, 0.953789062500000062, 0.084512921461003976
0.234010609648258594, 0.809186811298398867, -0.943373013804823080, 0.000000000000000000, 0.053759346433734097, 0.662812500000000027, 0.928789062500000040, 0.104452132521544644
0.340350829721876968, 0.774932670004340851, -1.469485074763477339, 0.000000000000000000, 0.038997339706757138, 0.742812499999999987, 0.978789062499999973, 0.068379971968505288
0.333016761130925210, 0.702483926491320521, -0.917322824099291556, 0.000000000000000000, 0.046075949468632880, 0.697812499999999947, 1.013164062500000018, 0.101722736892416246
0.281539510323872810, 0.641652244113004477, -0.665873301252976502, 0.000000000000000000, 0.049423327559650419, 0.657812500000000022, 0.988164062499999996, 0.082304549138945707
0.422634607867710232, 0.668190946837743271, -1.124874701913064490, 0.000000000000000000, 0.043144268153915068, 0.737812499999999982, 0.938164062500000062, 0.125722275489477120
0.255804108413887399, 0.831546312859970049, -1.020100705949741116, 0.000000000000000000, 0.052263324888337077, 0.677812500000000040, 0.950664062500000018, 0.074033237567803542
0.365694783495879305, 0.803914902236528395, -0.400683552767252316, 0.000000000000000000, 0.038154447869061539, 0.757812500000000000, 1.000664062500000062, 0.113087638365702695
0.181647309259067191, 1.052061401404885244, -0.805786352639338732, 0.000000000000000000, 0.036074085632150310, 0.797812500000000036, 0.975664062500000040, 0.091499967197316082
0.306407295253291523, 0.696916914536600540, -1.244111151877278942, 0.000000000000000000, 0.040487402981951630, 0.717812499999999964, 0.925664062499999996, 0.139768508589225793
0.268945846214819595, 0.850909075752637301, -1.316755031773001239, 0.000000000000000000, 0.043541399648790426, 0.687812500000000049, 0.969414062500000062, 0.107254762520174768
0.387975059317034410, 0.595774001468323933, -0.863477174943612757, 0.000000000000000000, 0.038502867969697437, 0.767812500000000009, 1.019414062500000107, 0.070214723984744792
0.206908023413487685, 0.908548611881932033, -0.567221963086056324, 0.000000000000000000, 0.040869128049435849, 0.727812499999999973, 0.994414062499999973, 0.132559476996584408
0.319304212856651948, 0.838673367968111982, -1.071598171708146197, 0.000000000000000000, 0.056590500750582515, 0.647812500000000013, 0.944414062500000040, 0.086780548202943647
0.293925700143235269, 0.840985691068946495, -0.741558280384119639, 0.000000000000000000, 0.047365653922937637, 0.667812500000000031, 1.006914062499999929, 0.063158396417976534
0.241661625277985959, 1.027643117440280474, -0.969081371944020553, 0.000000000000000000, 0.044259267381060285, 0.707812499999999956, 0.981914062500000018, 0.119237725678860679
0.297025362115378111, 0.563647694231588559, -0.981857416783947112, 0.000000000000000000, 0.039620388652428187, 0.740312500000000040, 0.933476562499999996, 0.083401426230389250
0.245323322510518194, 0.814211005614166483, -0.758437855425395768, 0.000000000000000000, 0.037386954854435654, 0.780312499999999964, 0.958476562500000018, 0.103078401201904979
0.352239110693042645, 0.778572563264603779, -1.196534908826796917, 0.000000000000000000, 0.042134724629092998, 0.700312500000000004, 1.008476562500000062, 0.067480653717536629
0.272131127287872754, 0.733461994001915918, -1.084694669325221739, 0.000000000000000000, 0.034838818012838613, 0.760312499999999947, 0.970976562499999973, 0.114594763319869911
0.394881294340918565, 0.710668278318974944, -0.595264977591522304, 0.000000000000000000, 0.048051527969465720, 0.680312499999999987, 0.920976562500000040, 0.075019882451264702
0.212039959466613803, 1.048300690146549474, -0.877219851570964826, 0.000000000000000000, 0.051681580677977165, 0.640312499999999951, 0.945976562500000062, 0.092719392112907778
0.322637258301659791, 0.737284346975433436, -1.337373323055454311, 0.000000000000000000, 0.044886670023197704, 0.720312500000000022, 0.995976562499999996, 0.060699090392527320
0.259162806329691520, 0.925830588185430070, -1.261090218795341666, 0.000000000000000000, 0.041835268901736590, 0.750312500000000049, 0.989726562500000018, 0.079099716763536068
0.370680092642550696, 0.675665870948240488, -0.820693154658903801, 0.000000000000000000, 0.047743274596421449, 0.670312499999999978, 0.939726562500000084, 0.120826813172823802
0.188928220260995400, 0.842307758895358361, -0.456003845107463723, 0.000000000000000000, 0.044598607691933988, 0.710312500000000013, 0.964726562499999996, 0.064000111716680561
0.309578919383322437, 0.789984777993395393, -1.032882504437256266, 0.000000000000000000, 0.032664351724816174, 0.790312499999999973, 1.014726562499999929, 0.097761785475772925
0.229988711201801588, 0.887922644307648334, -1.138651557934090341, 0.000000000000000000, 0.043915165765958886, 0.690312499999999996, 0.977226562500000062, 0.087937077171300213
0.336634782988321168, 0.860356952583078316, -0.686302153263848691, 0.000000000000000000, 0.038806331233619561, 0.770312499999999956, 0.927226562500000018, 0.134326104176885536
0.284643472675588594, 0.850944096655550819, -0.930401073190135097, 0.000000000000000000, 0.041205009036780454, 0.730312500000000031, 0.952226562500000040, 0.071150479335167507
0.436808113954743171, 0.596190474435477458, -1.437359950328588765, 0.000000000000000000, 0.056932115723574837, 0.650312499999999960, 1.002226562499999973, 0.108684152428598788
0.411708175073939864, 0.742854195141551599, -0.956259727243532920, 0.000000000000000000, 0.033720079383465433, 0.785312499999999969, 0.986601562499999973, 0.062327751172512567
0.221446371947562004, 0.941453858380719821, -0.723988330073153996, 0.000000000000000000, 0.043107296212790455, 0.745312500000000044, 1.011601562500000107, 0.117669537511770186
0.329484679670227987, 0.653968056508877349, -1.166962913651765188, 0.000000000000000000, 0.049353125473647702, 0.665312499999999973, 0.961601562500000062, 0.077032794662590331
0.173338254810331105, 1.232076982828822942, -1.058611314971189321, 0.000000000000000000, 0.040527629175274513, 0.725312500000000027, 0.924101562500000084, 0.105844171631337830
0.303261261329947296, 0.779499588900809948, -0.535728257988453471, 0.000000000000000000, 0.056241872790483614, 0.645312499999999956, 0.974101562500000018, 0.069291275481500422
0.252384004474727919, 0.793912038129819253, -0.849498348208019505, 0.000000000000000000, 0.043161000813224687, 0.685312499999999991, 0.999101562500000040, 0.130816084105800590
0.360987367488173505, 0.762173225731761161, -1.297282645470196893, 0.000000000000000000, 0.038194604809489663, 0.765312499999999951, 0.949101562499999996, 0.085639229647505838
0.316021291416380024, 0.775769463150179361, -0.904116002416091580, 0.000000000000000000, 0.039103574544314269, 0.715312500000000018, 0.992851562500000062, 0.111600334785232361
0.265726820250376750, 0.904995022318123787, -0.644105406134173109, 0.000000000000000000, 0.050780302279203438, 0.675312499999999982, 1.017851562499999973, 0.090296579888215142
0.381730681985992137, 0.659442345562714527, -1.111307997512838153, 0.000000000000000000, 0.036912033076972189, 0.755312500000000053, 0.967851562500000040, 0.137930304111124336
0.237895713806802800, 0.923074474162526526, -1.227743112643420620, 0.000000000000000000, 0.050259596048491284, 0.655312499999999964, 0.930351562500000062, 0.065717344564711219
0.344178860589632596, 0.662553490607855955, -0.790480514545958135, 0.000000000000000000, 0.043802262359505607, 0.735312500000000036, 0.980351562499999996, 0.100384901979761298
0.105937503506001091, 1.297582376025915085, -1.007348405551488080, 0.000000000000000000, 0.034158841374210221, 0.775312499999999960, 1.005351562500000018, 0.081222097932143675
0.343936032744322273, 0.818062032910737869, -1.006551937249788642, 0.000000000000000000, 0.048405545762103465, 0.703281249999999969, 0.941777343749999996, 0.104193170663842455
0.103097327433619462, 1.385623240060835260, -0.789509414504881657, 0.000000000000000000, 0.047259867841470807, 0.663281250000000044, 0.966777343750000018, 0.084303393683896430
0.290638650776471774, 0.703768031964264962, -1.226738514669933888, 0.000000000000000000, 0.041435236628812815, 0.743281250000000004, 1.016777343750000062, 0.128775560966039149
0.201051459603415528, 1.172262396180547395, -1.110466400041078439, 0.000000000000000000, 0.054050313253535209, 0.643281250000000027, 0.979277343749999973, 0.061355537248008081
0.315817613259067376, 0.767082422894734384, -0.642694191020819927, 0.000000000000000000, 0.038740615450856213, 0.723281249999999987, 0.929277343750000040, 0.093722131247893220
0.265524374841041189, 0.778668993544039956, -0.903285774050512802, 0.000000000000000000, 0.040193393809931394, 0.763281250000000022, 0.954277343750000062, 0.075831205415335542
0.381358725788517317, 0.745057756020964579, -1.381518769163811111, 0.000000000000000000, 0.045658218380475291, 0.683281249999999951, 1.004277343750000107, 0.115834079618506766
0.303065363696519929, 0.795491538402195331, -0.848616079439793447, 0.000000000000000000, 0.036793707803897194, 0.793281250000000049, 0.935527343750000018, 0.064692258366904579
0.252168013861930496, 0.933985955089820630, -0.533618458254063954, 0.000000000000000000, 0.035253702547035345, 0.753281250000000013, 0.960527343750000040, 0.122133527673027015
0.360701319844145718, 0.681914433004973342, -1.057802786223004166, 0.000000000000000000, 0.048761811039418866, 0.673281250000000053, 1.010527343749999973, 0.079955162207661412
0.278227421518523310, 0.857315340003730220, -1.166060802382697048, 0.000000000000000000, 0.042084885618574326, 0.733281249999999996, 0.973027343749999996, 0.109859546814922715
0.411096926683640229, 0.610771338311172807, -0.722864848410335936, 0.000000000000000000, 0.048102711317888278, 0.653281250000000036, 0.923027343750000062, 0.071919955584704015
0.221166953782114761, 0.901999018372535932, -0.955456419201060947, 0.000000000000000000, 0.049265887501524483, 0.693281249999999960, 0.948027343750000084, 0.135778810438637876
0.336405918753849342, 0.588648591792399145, -0.929587021623214049, 0.000000000000000000, 0.050963636972919675, 0.668281250000000049, 0.994902343749999973, 0.118942106793878954
0.284449759478909103, 0.760335781506160657, -0.685060059783807129, 0.000000000000000000, 0.043276822482129607, 0.708281249999999973, 1.019902343750000107, 0.063001811623860288
0.435779405313535706, 0.703484121475823510, -1.137783777671058427, 0.000000000000000000, 0.038318051314188160, 0.788281250000000044, 0.969902343750000062, 0.096236856895229483
0.258954533371984263, 0.758458056128158531, -1.032082419449278587, 0.000000000000000000, 0.049153100967453921, 0.688281249999999956, 0.932402343750000084, 0.086565398435939953
0.370359371250761349, 0.736977468448192785, -0.452965385871656578, 0.000000000000000000, 0.035891797327604891, 0.768281250000000027, 0.982402343750000018, 0.132230830298902230
0.188497462615764888, 1.120257896739624170, -0.819772216148857646, 0.000000000000000000, 0.041922361881085779, 0.728281249999999991, 1.007402343749999929, 0.070040644864269336
0.309379840818481189, 0.756325441787327191, -1.260009417604758486, 0.000000000000000000, 0.047910675610212755, 0.648281250000000031, 0.957402343749999996, 0.106988852271344775
0.271932927052263129, 0.909110766549425131, -1.336047018748650395, 0.000000000000000000, 0.044336846813099420, 0.678281249999999947, 0.938652343750000062, 0.139421988975324512
0.394426559796792253, 0.658229693831041907, -0.876367261212695592, 0.000000000000000000, 0.039127347944677579, 0.758281250000000018, 0.988652343749999996, 0.091273116860103296
0.211728652748369439, 0.807100743798651821, -0.593595677376745234, 0.000000000000000000, 0.033656731482301985, 0.798281250000000053, 1.013652343750000018, 0.112807267020404445
0.322427335694708661, 0.777332429240294220, -1.083872507929991125, 0.000000000000000000, 0.045641743920439924, 0.718281249999999982, 0.963652343749999973, 0.073849691437442702
0.296831372333922594, 0.928014037915416479, -0.757401274316217843, 0.000000000000000000, 0.045063576881609169, 0.698281249999999964, 0.976152343750000040, 0.082100496445833268
0.245097266401247377, 0.921202897394292952, -0.981059888757540577, 0.000000000000000000, 0.053129550689942830, 0.658281250000000040, 1.001152343750000062, 0.101470541860296831
0.293732215007558251, 0.744345374619549638, -0.968281554274319833, 0.000000000000000000, 0.035990729043046683, 0.770781249999999973, 0.965214843749999996, 0.070974080253021085
0.241429452952448803, 0.636177517793042213, -0.740481438166909145, 0.000000000000000000, 0.042004671320432271, 0.730781250000000049, 0.940214843750000084, 0.133993077587233361
0.347883810642439395, 0.733772246829242913, -1.180647262229229666, 0.000000000000000000, 0.048008139630401979, 0.650781249999999978, 0.990214843750000018, 0.087719060091941109
0.268745706371990800, 0.808049385186483726, -1.070783507043529648, 0.000000000000000000, 0.037002385435739957, 0.750781249999999956, 1.002714843749999973, 0.097519410591048891
0.387567222670572087, 0.775721746675942514, -0.565365508051693277, 0.000000000000000000, 0.051022013256863903, 0.670781249999999996, 0.952714843750000040, 0.063841440108708541
0.206575865669472669, 0.982810158783580912, -0.862610749314820624, 0.000000000000000000, 0.043362615937322241, 0.710781250000000031, 0.927714843750000018, 0.120527254559283606
0.319097636104825499, 0.677699481990763464, -1.315506537030943113, 0.000000000000000000, 0.038390985831383104, 0.790781249999999991, 0.977714843750000062, 0.078903609617589784
0.255592237249118670, 0.869635761926963458, -1.243071142638249249, 0.000000000000000000, 0.041024903825472817, 0.760781249999999964, 1.008964843750000062, 0.060548602807167229
0.365392941179934094, 0.606231470314465559, -0.804841969862982509, 0.000000000000000000, 0.046702156178258229, 0.680781250000000004, 0.958964843750000018, 0.092489518529219814
0.181161711628451377, 0.966774567581403788, -0.396630538164078228, 0.000000000000000000, 0.055272023446502991, 0.640781249999999969, 0.933964843749999996, 0.074833890191890073
0.306209973761794041, 0.852027276587415283, -1.019303018626540158, 0.000000000000000000, 0.039641407761522224, 0.720781250000000040, 0.983964843750000040, 0.114310655450783269
0.225542049501117947, 0.830022829181259025, -1.124020931230040876, 0.000000000000000000, 0.045964869687568091, 0.660781249999999987, 0.996464843749999996, 0.067313353012191587
0.332793604909475682, 0.787189278384132551, -0.664554686108247195, 0.000000000000000000, 0.040399907799415768, 0.740781249999999947, 0.946464843750000062, 0.102822845153217199
0.281345137769813791, 0.941745962758451127, -0.916501402783860941, 0.000000000000000000, 0.034644120472683851, 0.780781249999999982, 0.921464843750000040, 0.083194654116213615
0.421876688930502786, 0.655761396694228615, -1.407167231279399466, 0.000000000000000000, 0.047281598888404185, 0.700781250000000022, 0.971464843749999973, 0.127081933301072814
0.456354457210360720, 0.655978822368548320, -0.942564977998894493, 0.000000000000000000, 0.037314268466815827, 0.735781250000000053, 1.018339843749999973, 0.081020728894870650
0.233763447457629420, 0.986214095348487252, -0.704437855850846839, 0.000000000000000000, 0.038799532274765250, 0.775781249999999978, 0.993339843750000062, 0.100136023760864570
0.340115451555293158, 0.712037667625795456, -1.151785699936436203, 0.000000000000000000, 0.043896859425910532, 0.695781250000000018, 0.943339843750000018, 0.065554415525151191
0.195066708851298759, 1.037116927161063407, -1.044909167815883944, 0.000000000000000000, 0.034386679121183220, 0.795781249999999996, 0.955839843749999973, 0.137588341846460377
0.312580441820290822, 0.713639515655952295, -0.496966028279693384, 0.000000000000000000, 0.046601565714635883, 0.715781250000000036, 1.005839843750000018, 0.090072713036409277
0.262262846253999482, 0.838425183884702108, -0.834349251655697399, 0.000000000000000000, 0.045383995455912332, 0.675781250000000000, 0.980839843749999996, 0.111323650821789008
0.375656585855721759, 0.837874653486461285, -1.277647374019689641, 0.000000000000000000, 0.039961072924837825, 0.755781249999999960, 0.930839843750000062, 0.072878436647097297
0.325814201059203223, 0.817547339827334407, -0.889916289844369102, 0.000000000000000000, 0.050328044258386863, 0.645781249999999973, 1.012089843750000107, 0.130491759696719029
0.275091715289131566, 0.831684776695920336, -0.619177900516831192, 0.000000000000000000, 0.051326144645567603, 0.685781250000000009, 0.987089843749999973, 0.069119485811073744
0.402153525800177325, 0.556381001195807356, -1.097092174603813142, 0.000000000000000000, 0.037581327172527365, 0.765781249999999969, 0.937089843750000040, 0.105581758575223852
0.248673011058787974, 0.982999111422012239, -1.210933023313937262, 0.000000000000000000, 0.043188723151448775, 0.705781250000000027, 0.949589843749999996, 0.076841811911657051
0.356241104154526034, 0.707783870047396735, -0.773717891661970802, 0.000000000000000000, 0.038243409936427185, 0.785781249999999987, 0.999589843750000040, 0.117377806540909235
0.162857780670630004, 0.963620159386948227, -0.993810439692104142, 0.000000000000000000, 0.036792262714236607, 0.745781249999999951, 0.974589843750000018, 0.062173225746938274
0.320755825352455781, 0.800133874441215087, -0.987437462106032671, 0.000000000000000000, 0.043346157361722482, 0.692031249999999987, 0.951933593750000084, 0.084863292307747779
0.270343217102705480, 0.955694508467627935, -0.765629786507172616, 0.000000000000000000, 0.056236820536020325, 0.652031249999999951, 0.926933593750000062, 0.104885166683458694
0.390904167455149387, 0.679860297499317090, -1.203206797167219122, 0.000000000000000000, 0.040697928970157261, 0.732031250000000022, 0.976933593749999996, 0.068663459372144242
0.243275637799685140, 0.889626743752213844, -1.090464553859164409, 0.000000000000000000, 0.047127023281382199, 0.672031249999999969, 1.014433593749999973, 0.116603388408336450
0.349911228079803793, 0.614742543535009012, -0.606676383600150304, 0.000000000000000000, 0.041346914817800964, 0.752031250000000040, 0.964433593750000040, 0.076334836238505413
0.142783023534454157, 1.086425065178776572, -0.883165906771646636, 0.000000000000000000, 0.032254668568429186, 0.792031249999999964, 0.939433593750000018, 0.094344584153014333
0.295280802934921649, 0.865355209733570274, -1.346811332965605956, 0.000000000000000000, 0.044051865120176489, 0.712031250000000004, 0.989433593750000062, 0.061763028327188489
0.282898785591428281, 0.812091102106856866, -1.268734333565825434, 0.000000000000000000, 0.048576763251365583, 0.682031249999999978, 0.995683593750000040, 0.080486182174161702
0.428306906039042201, 0.819024044634493964, -0.827102069424020314, 0.000000000000000000, 0.035296339994624372, 0.762031250000000049, 0.945683593749999996, 0.122944674070367133
0.227658577886158453, 0.966499377094744871, -0.476105974457080916, 0.000000000000000000, 0.045357698015059823, 0.722031250000000013, 0.920683593750000084, 0.065121910185777732
0.334588396902697316, 0.695558880420821812, -1.038488669065369185, 0.000000000000000000, 0.052270920412196699, 0.642031250000000053, 0.970683593750000018, 0.099475360942147373
0.184940000604075339, 1.119207516279308257, -1.144752808959118795, 0.000000000000000000, 0.040085131020922669, 0.742031250000000031, 1.008183593750000107, 0.089478444458037862
