1.05433E-05 1.00000E+00
1.16423E-05 9.99999E-01
1.28559E-05 9.99999E-01
1.41959E-05 9.99998E-01
1.56756E-05 9.99998E-01
1.73096E-05 9.99997E-01
1.91139E-05 9.99996E-01
2.11063E-05 9.99994E-01
2.33063E-05 9.99993E-01
2.57357E-05 9.99991E-01
2.84183E-05 9.99988E-01
3.13805E-05 9.99986E-01
3.46515E-05 9.99982E-01
3.82634E-05 9.99978E-01
4.22518E-05 9.99972E-01
4.66560E-05 9.99966E-01
5.15193E-05 9.99958E-01
5.68894E-05 9.99949E-01
6.28194E-05 9.99937E-01
6.93674E-05 9.99923E-01
7.65980E-05 9.99906E-01
8.45823E-05 9.99885E-01
9.33988E-05 9.99860E-01
1.03134E-04 9.99829E-01
1.13885E-04 9.99791E-01
1.25756E-04 9.99745E-01
1.38864E-04 9.99689E-01
1.53339E-04 9.99621E-01
1.69322E-04 9.99538E-01
1.86972E-04 9.99437E-01
2.06461E-04 9.99315E-01
2.27981E-04 9.99167E-01
2.51745E-04 9.98988E-01
2.77986E-04 9.98771E-01
3.06963E-04 9.98509E-01
3.38959E-04 9.98193E-01
3.74291E-04 9.97812E-01
4.13306E-04 9.97356E-01
4.56387E-04 9.96809E-01
5.03959E-04 9.96157E-01
5.56490E-04 9.95382E-01
6.14497E-04 9.94464E-01
6.78549E-04 9.93382E-01
7.49279E-04 9.92110E-01
8.27381E-04 9.90622E-01
9.13624E-04 9.88889E-01
1.00886E-03 9.86876E-01
1.11402E-03 9.84547E-01
1.23014E-03 9.81857E-01
1.35836E-03 9.78760E-01
1.49995E-03 9.75205E-01
1.65630E-03 9.71141E-01
1.82895E-03 9.66507E-01
2.01959E-03 9.61242E-01
2.23011E-03 9.55283E-01
2.46256E-03 9.48565E-01
2.71925E-03 9.41020E-01
3.00270E-03 9.32584E-01
3.31569E-03 9.23192E-01
3.66130E-03 9.12778E-01
4.04294E-03 9.01278E-01
4.46436E-03 8.88631E-01
4.92971E-03 8.74775E-01
5.44357E-03 8.59653E-01
6.01098E-03 8.43202E-01
6.63755E-03 8.25365E-01
7.32942E-03 8.06084E-01
8.09341E-03 7.85309E-01
8.93704E-03 7.62986E-01
9.86860E-03 7.39061E-01
1.08973E-02 7.13493E-01
1.20332E-02 6.86241E-01
1.32874E-02 6.57294E-01
1.46725E-02 6.26621E-01
1.62019E-02 5.94242E-01
1.78907E-02 5.60217E-01
1.97556E-02 5.24663E-01
2.18148E-02 4.87816E-01
2.40887E-02 4.50037E-01
2.65996E-02 4.11804E-01
2.93723E-02 3.73916E-01
3.24339E-02 3.37189E-01
3.58147E-02 3.02716E-01
3.95479E-02 2.71616E-01
4.36702E-02 2.44623E-01
4.80373E-02 2.22943E-01
5.24043E-02 2.06500E-01
5.67713E-02 1.93426E-01
6.11383E-02 1.82130E-01
6.55053E-02 1.71451E-01
6.98724E-02 1.60719E-01
7.42394E-02 1.49734E-01
7.86064E-02 1.38657E-01
8.29734E-02 1.27876E-01
8.73405E-02 1.17854E-01
9.17075E-02 1.08994E-01
9.71317E-02 9.99702E-02
1.02556E-01 9.31719E-02
1.07980E-01 8.82211E-02
1.13404E-01 8.44657E-02
1.18828E-01 8.11905E-02
1.24253E-01 7.78159E-02
1.29677E-01 7.40291E-02
1.35101E-01 6.98106E-02
1.40525E-01 6.53742E-02
1.45949E-01 6.10509E-02
1.51373E-01 5.71629E-02
1.56798E-01 5.39234E-02
1.62222E-01 5.13882E-02
1.67646E-01 4.94548E-02
1.73070E-01 4.79218E-02
1.78494E-01 4.65576E-02
1.83918E-01 4.51510E-02
1.89343E-01 4.35727E-02
1.94767E-01 4.18063E-02
2.00191E-01 3.99241E-02
2.05615E-01 3.80440E-02
2.11039E-01 3.62837E-02
2.16463E-01 3.47296E-02
2.21888E-01 3.34218E-02
2.27312E-01 3.23494E-02
2.32736E-01 3.14539E-02
2.38160E-01 3.06558E-02
2.43584E-01 2.98757E-02
2.49008E-01 2.90590E-02
2.54433E-01 2.81834E-02
2.59857E-01 2.72561E-02
2.65281E-01 2.63115E-02
2.70705E-01 2.53924E-02
2.76129E-01 2.45410E-02
2.81553E-01 2.37792E-02
2.86978E-01 2.31118E-02
2.92402E-01 2.25233E-02
2.97826E-01 2.19904E-02
3.03250E-01 2.14845E-02
3.08674E-01 2.09828E-02
3.14098E-01 2.04690E-02
3.19523E-01 1.99417E-02
3.24947E-01 1.94082E-02
3.30371E-01 1.88813E-02
3.35795E-01 1.83751E-02
3.41219E-01 1.78998E-02
3.46643E-01 1.74624E-02
3.52068E-01 1.70608E-02
3.57492E-01 1.66879E-02
3.62916E-01 1.63351E-02
3.68340E-01 1.59931E-02
3.73764E-01 1.56552E-02
3.79189E-01 1.53187E-02
3.84613E-01 1.49831E-02
3.90037E-01 1.46512E-02
3.95461E-01 1.43277E-02
4.00885E-01 1.40162E-02
4.06309E-01 1.37186E-02
4.11734E-01 1.34366E-02
4.17158E-01 1.31693E-02
4.22582E-01 1.29142E-02
4.28006E-01 1.26691E-02
4.33430E-01 1.24315E-02
4.38854E-01 1.21987E-02
4.44279E-01 1.19689E-02
4.49703E-01 1.17425E-02
4.55127E-01 1.15206E-02
4.60551E-01 1.13041E-02
4.65975E-01 1.10940E-02
4.71399E-01 1.08913E-02
4.76824E-01 1.06966E-02
4.82248E-01 1.05098E-02
4.87672E-01 1.03294E-02
4.93096E-01 1.01540E-02
4.98520E-01 9.98262E-03
5.03944E-01 9.81489E-03
5.09369E-01 9.65070E-03
5.14793E-01 9.49006E-03
5.20217E-01 9.33292E-03
5.25641E-01 9.17952E-03
5.31065E-01 9.03013E-03
5.36489E-01 8.88496E-03
5.41914E-01 8.74414E-03
5.47338E-01 8.60746E-03
5.52762E-01 8.47446E-03
5.58186E-01 8.34472E-03
5.63610E-01 8.21789E-03
5.69034E-01 8.09369E-03
5.74459E-01 7.97211E-03
5.79883E-01 7.85321E-03
6.04325E-01 7.35097E-03
6.40940E-01 6.68923E-03
6.79774E-01 6.08391E-03
9.48700E-01 3.52985E-03
1.32402E+00 2.02534E-03
1.84782E+00 1.15106E-03
2.57884E+00 6.48818E-04
3.59905E+00 3.63108E-04
5.02288E+00 2.01943E-04
7.01000E+00 1.11691E-04
9.78324E+00 6.14738E-05
