0.100000000000000006, 0.866025403784438597, -0.334000000000000019, 0.000000000000000000, 0.038257747297229520, 0.757685950413223175, 0.932110726643598619, 0.113765681284959119
0.100000000000000006, 0.866025403784438597, -0.900000000000000022, 0.000000000000000000, 0.037371868983184564, 0.772231404958677703, 0.937993079584775069, 0.128404245745597362
0.100000000000000006, 0.866025403784438597, -1.100000000000000089, 0.000000000000000000, 0.036524743686197070, 0.786776859504132231, 0.943875432525951630, 0.063194668690362513
0.100000000000000006, 1.385640646055101843, -0.334000000000000019, 0.000000000000000000, 0.055527801567693089, 0.642644628099173665, 0.949757785467128079, 0.071326112380093704
0.100000000000000006, 1.385640646055101843, -0.900000000000000022, 0.000000000000000000, 0.053845069834134632, 0.657190082644628193, 0.955640138408304529, 0.080503852820002358
0.100000000000000006, 1.385640646055101843, -1.100000000000000089, 0.000000000000000000, 0.050748851265823965, 0.686280991735537249, 0.967404844290657429, 0.102554067505586363
0.100000000000000006, 1.732050807568877193, -0.334000000000000019, 0.000000000000000000, 0.040821316296835400, 0.700826446280991777, 0.973287197231833989, 0.115750000680907281
0.100000000000000006, 1.732050807568877193, -0.900000000000000022, 0.000000000000000000, 0.039809485355585046, 0.715371900826446305, 0.979169550173010439, 0.130643893348259515
0.100000000000000006, 1.732050807568877193, -1.100000000000000089, 0.000000000000000000, 0.037924921536528287, 0.744462809917355361, 0.990934256055363338, 0.072570193957550100
0.299999999999999989, 0.500000000000000000, -0.334000000000000019, 0.000000000000000000, 0.037046087393584837, 0.759008264462809890, 0.996816608996539788, 0.081908014029208803
0.299999999999999989, 0.500000000000000000, -0.900000000000000022, 0.000000000000000000, 0.036205914020500204, 0.773553719008264418, 1.002698961937716238, 0.092447358844506472
0.299999999999999989, 0.500000000000000000, -1.399999999999999911, 0.000000000000000000, 0.053801775935385841, 0.643966942148760380, 1.014463667820069137, 0.117768930896398352
0.299999999999999989, 0.800000000000000044, -0.334000000000000019, 0.000000000000000000, 0.052196277610024232, 0.658512396694214908, 0.920692041522491400, 0.132922605246303588
0.299999999999999989, 0.800000000000000044, -0.900000000000000022, 0.000000000000000000, 0.050677810676866969, 0.673057851239669436, 0.926574394463667850, 0.065418397586654659
0.299999999999999989, 0.800000000000000044, -1.399999999999999911, 0.000000000000000000, 0.047876133008207589, 0.702148760330578492, 0.938339100346020749, 0.083336666845119478
0.299999999999999989, 1.000000000000000000, -0.334000000000000019, 0.000000000000000000, 0.046581523177462669, 0.716694214876033020, 0.944221453287197310, 0.094059840615699289
0.299999999999999989, 1.000000000000000000, -0.900000000000000022, 0.000000000000000000, 0.037542783229635494, 0.731239669421487548, 0.950103806228373760, 0.106162796660602035
0.299999999999999989, 1.000000000000000000, -1.399999999999999911, 0.000000000000000000, 0.035842617672061830, 0.760330578512396715, 0.961868512110726659, 0.135241062805482010
0.500000000000000000, 0.387298334620741702, -0.334000000000000019, 0.000000000000000000, 0.034286479687604100, 0.789421487603305772, 0.973633217993079558, 0.075123834013859789
0.500000000000000000, 0.387298334620741702, -0.900000000000000022, 0.000000000000000000, 0.052089417220489341, 0.645289256198347094, 0.979515570934256119, 0.084790238454295966
0.500000000000000000, 0.387298334620741702, -1.889999999999999902, 0.000000000000000000, 0.050560256425207679, 0.659834710743801622, 0.985397923875432569, 0.095700447554500231
0.500000000000000000, 0.619677335393186812, -0.334000000000000019, 0.000000000000000000, 0.049113135892772240, 0.674380165289256150, 0.991280276816609018, 0.108014505314410092
0.500000000000000000, 0.619677335393186812, -0.900000000000000022, 0.000000000000000000, 0.047741862435251060, 0.688925619834710679, 0.997162629757785468, 0.121913049065652854
0.500000000000000000, 0.619677335393186812, -1.889999999999999902, 0.000000000000000000, 0.045204980693306834, 0.718016528925619846, 1.008927335640138478, 0.060148398584959982
0.500000000000000000, 0.774596669241483404, -0.334000000000000019, 0.000000000000000000, 0.044029687562778572, 0.732561983471074374, 1.014809688581314928, 0.067887869750123286
0.500000000000000000, 0.774596669241483404, -0.900000000000000022, 0.000000000000000000, 0.042910761449117936, 0.747107438016529013, 0.921038062283737080, 0.076623201409091513
0.500000000000000000, 0.774596669241483404, -1.889999999999999902, 0.000000000000000000, 0.033897148266788510, 0.776198347107438069, 0.932802768166089979, 0.097610495579283307
0.246873958614402950, 0.596219770763617429, -0.481143187758653945, 0.000000000000000000, 0.050390601211490839, 0.646611570247933809, 0.944567474048442990, 0.124346264212640778
0.159452728376373976, 1.019058137000455666, -0.937780101571216496, 0.000000000000000000, 0.047560308912139367, 0.675702479338843087, 0.956332179930795889, 0.069071980944054825
0.288508130827665799, 0.844845072507921069, -1.275085325897226340, 0.000000000000000000, 0.046255074276007647, 0.690247933884297615, 0.962214532871972339, 0.077959675669328779
0.415374845067814968, 0.782172540700755370, -0.584376395361546508, 0.000000000000000000, 0.045015962936265003, 0.704793388429752143, 0.968096885813148789, 0.087990976187429751
0.329921086785530615, 0.640497276932912696, -0.768561573990666158, 0.000000000000000000, 0.042717585799056691, 0.733884297520661200, 0.979861591695501799, 0.112091933438072777
0.461414704416527988, 0.612878705206603369, -1.103388647897306729, 0.000000000000000000, 0.041650091152753067, 0.748429752066115728, 0.985743944636678249, 0.126515131845690798
0.127857730425490340, 1.295867615588025323, -0.365136772081489203, 0.000000000000000000, 0.040632173336982609, 0.762975206611570256, 0.991626297577854698, 0.062264933646713864
0.386190216026759847, 0.520086017822125712, -1.072175650725981200, 0.000000000000000000, 0.032077244752530418, 0.792066115702479312, 1.003391003460207598, 0.079319460929568986
0.302297834332760251, 0.774167707815935580, -0.735588471600467475, 0.000000000000000000, 0.047326074261084650, 0.662479338842975274, 1.015155709342560497, 0.101045267595647220
0.430369272683940429, 0.721193105870438167, -1.649962615930372856, 0.000000000000000000, 0.046019226841672631, 0.677024793388429802, 0.921384083044982760, 0.114047059053620781
0.218588293506262715, 1.127385774782753591, -0.906619703194371573, 0.000000000000000000, 0.044779297393550056, 0.691570247933884330, 0.927266435986159210, 0.128721829218455763
0.343813681042299257, 0.571754874602179219, -1.241931398630823358, 0.000000000000000000, 0.043601427542598714, 0.706115702479338858, 0.933148788927335660, 0.063350968680540284
0.477588867337355727, 0.561169348560305203, -0.546832366543439807, 0.000000000000000000, 0.042481208342443233, 0.720661157024793386, 0.939031141868512109, 0.071502523949225447
0.274694091068515167, 0.921776864728587886, -0.989471550157032587, 0.000000000000000000, 0.040398039681196082, 0.749752066115702442, 0.950795847750865120, 0.091087251243790301
0.400663383039332965, 0.852615027377886858, -1.331791996241189491, 0.000000000000000000, 0.039428100761021094, 0.764297520661156971, 0.956678200692041569, 0.102807715480581735
0.189558109162822119, 0.652119264036938984, -0.644454128054495312, 0.000000000000000000, 0.038501762217397879, 0.778842975206611610, 0.962560553633218019, 0.116036286286076679
0.445696843314393853, 0.598179999729010481, -0.822433855417740167, 0.000000000000000000, 0.056937769137243244, 0.649256198347107460, 0.974325259515570918, 0.064455946512915099
0.232805833714218119, 0.924821892777455967, -1.155903354351484502, 0.000000000000000000, 0.045727689811841069, 0.663801652892561989, 0.980207612456747479, 0.072749682525776335
0.357800924912058393, 0.828401188636502361, -0.439456975981279752, 0.000000000000000000, 0.044489787850849137, 0.678347107438016517, 0.986089965397923929, 0.082110597918855791
0.494296708569406218, 0.425506363171049673, -1.873746633158330788, 0.000000000000000000, 0.043314438313971519, 0.692892561983471045, 0.991972318339100378, 0.092676009798436682
0.101909037664349666, 1.126410186509562150, -1.030769863610242032, 0.000000000000000000, 0.042197143680929222, 0.707438016528925573, 0.997854671280276828, 0.104600904266312716
0.364056216535523336, 0.755247681838537632, -0.690677278830807539, 0.000000000000000000, 0.040120747919341601, 0.736528925619834629, 1.009619377162629839, 0.133251364021766017
0.280838547346393574, 0.590541502132932550, -0.864771484534388679, 0.000000000000000000, 0.038232096886662591, 0.765619834710743796, 0.921730103806228440, 0.074018594243743185
0.407169848572603965, 0.579746941264256410, -1.198542200677373382, 0.000000000000000000, 0.037350584969717264, 0.780165289256198324, 0.927612456747404890, 0.083542784235704437
0.196089494021922495, 0.944364142801043305, -0.494632478284641519, 0.000000000000000000, 0.036507404086742565, 0.794710743801652963, 0.933494809688581340, 0.094292479736514820
0.452630681225815179, 0.769339182390079146, -0.948136525620388415, 0.000000000000000000, 0.053579340397730324, 0.665123966942148703, 0.945259515570934239, 0.120119435200062949
0.253087329600089672, 0.755285946356063165, -0.596624830322258215, 0.000000000000000000, 0.041860404506970435, 0.694214876033057871, 0.957024221453287249, 0.066724057949671262
0.378237544838436412, 0.695134818158849144, -1.478413938942459094, 0.000000000000000000, 0.040803026244050210, 0.708760330578512399, 0.962906574394463699, 0.075309638524933553
0.166255282059666998, 1.165188096600280776, -0.779435912468946057, 0.000000000000000000, 0.039795990305731360, 0.723305785123967038, 0.968788927335640149, 0.084999950977713248
0.294638153532501224, 0.975562146074954950, -1.113835745568876767, 0.000000000000000000, 0.038835866378144214, 0.737851239669421566, 0.974671280276816598, 0.095937144404452321
0.422001260544540346, 0.519654228362931070, -0.380556230737507439, 0.000000000000000000, 0.037919523767660161, 0.752396694214876094, 0.980553633217993159, 0.108281658643473611
0.336085883856900747, 0.753538261154232170, -1.051450250140416154, 0.000000000000000000, 0.036206972053147088, 0.781487603305785150, 0.992318339100346059, 0.137940286596823863
0.468542584156825204, 0.708761139515641569, -1.402888736509648293, 0.000000000000000000, 0.035405734046181032, 0.796033057851239678, 0.998200692041522508, 0.060297164205586964
0.135032996907937186, 1.475833435812792915, -0.713280438958813212, 0.000000000000000000, 0.053552789259980964, 0.651900826446280890, 1.004083044982698958, 0.068055777480237750
0.392595985197545683, 0.560223032617786054, -0.885746648140851689, 0.000000000000000000, 0.050468456397409579, 0.680991735537190168, 1.015847750865051857, 0.086696431951631167
0.181319185170999819, 0.942307674399103012, -1.220131055612885262, 0.000000000000000000, 0.049047508940348566, 0.695537190082644696, 0.922076124567474120, 0.097851916569636793
0.308426418029261074, 0.806881800149669925, -0.521065413854469472, 0.000000000000000000, 0.047699443487881167, 0.710082644628099224, 0.927958477508650570, 0.110442810168856168
0.437137180667484471, 0.752674035048244261, -1.752231272553240515, 0.000000000000000000, 0.038467643591574736, 0.724628099173553752, 0.933840830449827020, 0.124653811040211046
0.224927882148075936, 0.636811525296714587, -0.968817632097892290, 0.000000000000000000, 0.037559913968213059, 0.739173553719008281, 0.939723183391003469, 0.061348877086856664
0.350016673957372793, 0.611345103041252891, -1.308868421348665434, 0.000000000000000000, 0.036692926168907687, 0.753719008264462809, 0.945605536332179919, 0.069242817347929544
0.484943598734271397, 0.589750195458060844, -0.620760848296635803, 0.000000000000000000, 0.035864048121243365, 0.768264462809917337, 0.951487889273356480, 0.078152494095216574
0.243758873521086328, 1.029965875278001208, -0.801028747395566065, 0.000000000000000000, 0.034311165067445741, 0.797355371900826393, 0.963252595155709379, 0.099558665509973845
0.368765880817149005, 0.519667434029662756, -1.134808677193357651, 0.000000000000000000, 0.051880135121809071, 0.653223140495867827, 0.969134948096885829, 0.112369171509866764
0.156024379723441409, 0.941685683823435871, -0.410528422008210270, 0.000000000000000000, 0.050369151613225069, 0.667768595041322355, 0.975017301038062278, 0.126828042954722886
0.412082827529829054, 0.727864863407399865, -1.010116304428650080, 0.000000000000000000, 0.047582129922754089, 0.696859504132231411, 0.986782006920415289, 0.070450561756803004
0.326843582285813727, 0.573925507789164957, -0.667746838583695768, 0.000000000000000000, 0.045071123959344574, 0.725950413223140467, 0.998546712802768188, 0.089747153870609539
0.457884895141878911, 0.564442291877525926, -1.559975340668758204, 0.000000000000000000, 0.043907060165967279, 0.740495867768594995, 1.004429065743944749, 0.101295183841115549
0.124233088018147281, 1.218213194409232925, -0.843674167951347198, 0.000000000000000000, 0.035474681067763858, 0.755041322314049523, 1.010311418685121199, 0.114329132756660914
0.257734041528351054, 0.939747234166797507, -1.177140602582325668, 0.000000000000000000, 0.034691881076013849, 0.769586776859504162, 1.016193771626297648, 0.129040198173613813
0.383002189310033270, 0.859666560615865105, -0.467458406211024080, 0.000000000000000000, 0.033942212152369658, 0.784132231404958691, 0.922422145328719800, 0.063507655249007561
0.299234061879523838, 0.716029153003279295, -0.927410039598423830, 0.000000000000000000, 0.052509511651075251, 0.640120210368144260, 0.934186851211072700, 0.080902567211168133
0.427010251885071024, 0.671377823133193163, -1.263969007176827919, 0.000000000000000000, 0.050955923736923779, 0.654665664913598899, 0.940069204152249149, 0.091312538230331558
0.215404991482060937, 1.049722121668400288, -0.571999361025130604, 0.000000000000000000, 0.049486325175296872, 0.669211119459053427, 0.945951557093425599, 0.103061990805586520
0.340719360044617281, 0.933679103020172430, -1.452659581060574689, 0.000000000000000000, 0.048094328141951685, 0.683756574004507955, 0.951833910034602160, 0.116323279964224494
0.473951416617686139, 0.398810617416274604, -0.757631090796038853, 0.000000000000000000, 0.046774160886642512, 0.698302028549962484, 0.957716262975778609, 0.131290938161286563
0.140352962921857061, 0.914484683020687528, -1.092964529487519654, 0.000000000000000000, 0.045520596499209691, 0.712847483095417012, 0.963598615916955059, 0.064615366033828017
0.271618038809154638, 0.755980188618212812, -0.349402932315700410, 0.000000000000000000, 0.044328891207632365, 0.727392937640871540, 0.969480968858131509, 0.072929615024828254
0.186272875523943421, 1.134557487003518661, -1.077366190330874440, 0.000000000000000000, 0.042114183743023774, 0.756483846731780596, 0.981245674740484519, 0.092905226277000486
0.313025024804532648, 0.519822114789902812, -1.433740028808660583, 0.000000000000000000, 0.034060540470928269, 0.771029301277235124, 0.987128027681660969, 0.104859614702623685
0.442259123637859242, 0.531740210220201348, -0.741122896711145063, 0.000000000000000000, 0.033334426138399077, 0.785574755822689763, 0.993010380622837419, 0.118352209409609263
0.354682846942736441, 0.756236026676367135, -0.911824297194417821, 0.000000000000000000, 0.049306888386517804, 0.655987978963185614, 1.004775086505190318, 0.065742397689148163
0.490533283292274858, 0.714193630942134616, -1.247417512745628176, 0.000000000000000000, 0.047909487691386810, 0.670533433508640142, 1.010657439446366768, 0.074201665154518190
0.113200393313851705, 0.907645312894245104, -0.553177959385982243, 0.000000000000000000, 0.046585050413088386, 0.685078888054094670, 1.016539792387543217, 0.083749411418441069
0.373492555064939613, 0.675690727899072474, -0.994632895815601548, 0.000000000000000000, 0.044134039310618781, 0.714169797145003726, 0.928650519031141930, 0.106688593046144337
0.290040986378881094, 0.949206022259336146, -0.650313301533063992, 0.000000000000000000, 0.041916517036123972, 0.743260706235912783, 0.940415224913494829, 0.135910876188670787
0.417026053507445982, 0.493462403414672623, -1.538906324306470452, 0.000000000000000000, 0.040885441849819112, 0.757806160781367422, 0.946297577854671279, 0.066889087212713277
0.205796069010569460, 0.825276179211202998, -0.827758513656235762, 0.000000000000000000, 0.039901573872983480, 0.772351615326821950, 0.952179930795847840, 0.075495902588116059
0.331461000347392787, 0.733493841021505388, -1.161198467206710161, 0.000000000000000000, 0.038961839647417437, 0.786897069872276478, 0.958062283737024289, 0.085210182185159300
0.463187993677401488, 0.689978335828726252, -0.446540095724703545, 0.000000000000000000, 0.049070646926502481, 0.642764838467317801, 0.963944636678200739, 0.096174426679031075
0.262370634886760268, 0.646206775372591746, -1.035936738425908610, 0.000000000000000000, 0.046344668430442118, 0.671855747558226857, 0.975709342560553639, 0.122516852305257509
0.387787864249988790, 0.617124337663826017, -1.384750520364718795, 0.000000000000000000, 0.045087034668576102, 0.686401202103681385, 0.981591695501730088, 0.138281455652489615
0.176332920634873436, 1.027859337656146899, -0.696357450216486318, 0.000000000000000000, 0.043892794226028486, 0.700946656649136024, 0.987474048442906649, 0.060446297769673807
0.432054905596594208, 0.813998784501676953, -0.870025931797135388, 0.000000000000000000, 0.041676765730219348, 0.730037565740045080, 0.999238754325259548, 0.077002695955362591
0.220176491349656112, 0.592422251593045623, -1.203920936788227536, 0.000000000000000000, 0.040647102762924416, 0.744583020285499608, 1.005121107266436109, 0.086910859082009573
0.345362570647534783, 0.586796633343727891, -0.501307085433396971, 0.000000000000000000, 0.039664998243114313, 0.759128474830954136, 1.011003460207612559, 0.098093934668879446
0.479417396505767646, 0.571796387753346180, -1.725211152043953255, 0.000000000000000000, 0.038727321525848617, 0.773673929376408775, 1.016885813148789008, 0.110715969447990600
0.145623190332680952, 1.160469193237789964, -0.953310342084410123, 0.000000000000000000, 0.037831205531032204, 0.788219383921863304, 0.923114186851211160, 0.124962118526348379
0.276231099880383135, 0.935627432033675932, -1.291891879143788557, 0.000000000000000000, 0.057435986191112176, 0.644087152516904515, 0.928996539792387610, 0.061500611862666248
0.402285446612411390, 0.463316256343320354, -0.602702811380485537, 0.000000000000000000, 0.055671894476016108, 0.658632607062359043, 0.934878892733564060, 0.069414076283147497
0.317626694271561316, 0.719353110619955105, -0.784853022615416229, 0.000000000000000000, 0.043600184588243517, 0.687723516153268211, 0.946643598615916959, 0.088426772329722403
0.447422875826669619, 0.676146888270150126, -1.119068672422249833, 0.000000000000000000, 0.042467874197665907, 0.702268970698722850, 0.952525951557093409, 0.099804904928010293
0.234375706073919332, 1.037681886280084953, -0.388154232407610489, 0.000000000000000000, 0.041390632421467302, 0.716814425244177378, 0.958408304498269970, 0.112647095277286641
0.496189912617641005, 0.519941248114336729, -1.056626664590977871, 0.000000000000000000, 0.039386418536767651, 0.745905334335086434, 0.970173010380622869, 0.062573315472431376
0.240637712544088556, 0.941442949441868016, -0.718883915745812896, 0.000000000000000000, 0.037560844151042737, 0.774996243425995490, 0.981937716262975768, 0.079712309339481022
0.152577124173330358, 0.822303809388181484, -0.890973717034254653, 0.000000000000000000, 0.055709347948980178, 0.645409466566491452, 0.993702422145328779, 0.101545718206870264
0.282373305728438662, 0.708311099059318994, -1.225560335680516477, 0.000000000000000000, 0.054022517300444592, 0.659954921111945980, 0.999584775086505228, 0.114611904115340751
0.408804251795761131, 0.663391095155005384, -0.527566865876572422, 0.000000000000000000, 0.052427808177921816, 0.674500375657400508, 1.005467128027681678, 0.129359354553812506
0.323768900119616843, 0.922932176315411579, -0.973982954451069860, 0.000000000000000000, 0.040404580593974490, 0.703591284748309564, 1.017231833910034577, 0.071856657128006013
0.454376809667319026, 0.494565030680782836, -1.314567382457802802, 0.000000000000000000, 0.039410869831712825, 0.718136739293764093, 0.923460207612456729, 0.081102664319397624
0.120582603494232193, 1.112322662090905245, -0.626723955691114831, 0.000000000000000000, 0.038463437595118069, 0.732682193839218621, 0.929342560553633290, 0.091538382421372980
0.379823508650343866, 0.781272992265235278, -0.806396706931997387, 0.000000000000000000, 0.036695301097947358, 0.761773102930127677, 0.941107266435986189, 0.116610983466634413
0.167945094403405715, 1.311849550224003291, -1.140070134096027310, 0.000000000000000000, 0.035869179289495907, 0.776318557475582316, 0.946989619377162639, 0.131615661318639970
0.296170209537314544, 0.516919805288508893, -0.417853528595551471, 0.000000000000000000, 0.035078449112121976, 0.790864012021036844, 0.952871972318339089, 0.064775179848596209
0.212212135750011188, 0.863584634253073302, -1.015278166524801406, 0.000000000000000000, 0.051651425801672167, 0.661277235161532695, 0.964636678200692099, 0.082517270095536249
0.337629365113239710, 0.765362808457687005, -1.360959281852458513, 0.000000000000000000, 0.050159366812009526, 0.675822689706987223, 0.970519031141868549, 0.093135009678915373
0.470339361271342238, 0.720073598615734167, -0.673511992043629659, 0.000000000000000000, 0.048745871696614207, 0.690368144252441751, 0.976401384083044999, 0.105118965009978999
0.268538999652607191, 0.690640956998640698, -0.848961073711598679, 0.000000000000000000, 0.046131860139210695, 0.719459053343350807, 0.988166089965397898, 0.133911322950647810
0.394203930989430518, 0.648719104169922733, -1.182474720209432784, 0.000000000000000000, 0.037171776798374481, 0.734004507888805335, 0.994048442906574459, 0.065904999002297265
0.182973946492553885, 1.061757130442859909, -0.474325910801273398, 0.000000000000000000, 0.036317791239364593, 0.748549962434259974, 0.999930795847750908, 0.074385188856361611
0.438839983725391680, 0.469205903691034765, -0.932596919692919801, 0.000000000000000000, 0.034719886314832471, 0.777640871525169031, 1.011695501730103919, 0.094759485567076918
0.226507444935060365, 0.773863152725940306, -1.269518670215538325, 0.000000000000000000, 0.033971412263772781, 0.792186326070623559, 1.017577854671280368, 0.106952466983467998
0.347131343962983729, 0.735833521802607748, -1.025089551425191203, 0.000000000000000000, 0.042467874197665907, 0.702268970698722850, 0.952525951557093409, 0.099804904928010293
0.281860956691869113, 0.836731823013249221, -0.475166370573117613, 0.000000000000000000, 0.041390632421467302, 0.716814425244177378, 0.958408304498269970, 0.112647095277286641
0.395940807373271420, 0.664472211605485197, -0.990287273889768782, 0.000000000000000000, 0.039386418536767651, 0.745905334335086434, 0.970173010380622869, 0.062573315472431376
0.204059192626728281, 0.944803371313164275, -1.187208396261339116, 0.000000000000000000, 0.038452788712534734, 0.760450788880540962, 0.976055363321799319, 0.070624807818042118
0.283672049339707300, 0.817396721900165879, -0.788569298914990835, 0.000000000000000000, 0.037560844151042737, 0.774996243425995490, 0.981937716262975768, 0.079712309339481022
0.318139043308130864, 0.793106979425132530, -1.320081285389613335, 0.000000000000000000, 0.036707920787587361, 0.789541697971450018, 0.987820069204152329, 0.089969126381252651
0.252868656037016193, 0.812718474258942725, -0.895489347560531557, 0.000000000000000000, 0.055709347948980178, 0.645409466566491452, 0.993702422145328779, 0.101545718206870264
0.295243761026169893, 0.772920934844069540, -1.084101320183067596, 0.000000000000000000, 0.054022517300444592, 0.659954921111945980, 0.999584775086505228, 0.114611904115340751
0.331705855995758414, 0.743904828948148356, -0.643227667753072607, 0.000000000000000000, 0.052427808177921816, 0.674500375657400508, 1.005467128027681678, 0.129359354553812506
0.306423004559545131, 0.815500843762695160, -0.943596612226992759, 0.000000000000000000, 0.040404580593974490, 0.703591284748309564, 1.017231833910034577, 0.071856657128006013
0.350612227091241457, 0.694986603697609562, -1.133668542172320715, 0.000000000000000000, 0.039410869831712825, 0.718136739293764093, 0.923460207612456729, 0.081102664319397624
0.232296812639826600, 0.875058001448320244, -0.724043996255743005, 0.000000000000000000, 0.038463437595118069, 0.732682193839218621, 0.929342560553633290, 0.091538382421372980
0.287633703361720949, 0.801963478239471006, -1.247535397768166687, 0.000000000000000000, 0.037559190602069303, 0.747227648384673149, 0.935224913494809740, 0.103316895032231695
0.322361746019830031, 0.773804801284357358, -0.844514140213651565, 0.000000000000000000, 0.036695301097947358, 0.761773102930127677, 0.941107266435986189, 0.116610983466634413
0.259621893710436646, 0.898928764376522138, -1.036742439907629487, 0.000000000000000000, 0.035869179289495907, 0.776318557475582316, 0.946989619377162639, 0.131615661318639970
0.298968351960416878, 0.718054192013843906, -0.521939473610616989, 0.000000000000000000, 0.035078449112121976, 0.790864012021036844, 0.952871972318339089, 0.064775179848596209
0.337081286512643852, 0.713763043888417048, -1.491945265682503852, 0.000000000000000000, 0.053228479682806328, 0.646731780616078167, 0.958754325259515650, 0.073109992552684272
0.275183101673533215, 0.807895886378208195, -0.967041883730830554, 0.000000000000000000, 0.051651425801672167, 0.661277235161532695, 0.964636678200692099, 0.082517270095536249
0.310219115252940547, 0.775871627771198114, -1.159801230525152160, 0.000000000000000000, 0.050159366812009526, 0.675822689706987223, 0.970519031141868549, 0.093135009678915373
0.360299188431365436, 0.736552183586005493, -0.757710005018910948, 0.000000000000000000, 0.048745871696614207, 0.690368144252441751, 0.976401384083044999, 0.105118965009978999
0.244410622375761610, 0.811805645366830642, -1.281745835687606583, 0.000000000000000000, 0.047405125818875252, 0.704913598797896279, 0.982283737024221448, 0.118644931082997160
0.291477377082757727, 0.771514976782918915, -0.870469955217653135, 0.000000000000000000, 0.046131860139210695, 0.719459053343350807, 0.988166089965397898, 0.133911322950647810
0.326850212421977759, 0.744215236398264590, -1.060233961299039018, 0.000000000000000000, 0.037171776798374481, 0.734004507888805335, 0.994048442906574459, 0.065904999002297265
0.265384900069102259, 0.842257936340020441, -0.590919057677672166, 0.000000000000000000, 0.036317791239364593, 0.748549962434259974, 0.999930795847750908, 0.074385188856361611
0.302684000282040955, 0.808479414554343800, -1.364514461249455080, 0.000000000000000000, 0.035501285847308911, 0.763095416979714503, 1.005813148788927247, 0.083956549654203211
0.343227530693889449, 0.692898393123962841, -0.919801159325955853, 0.000000000000000000, 0.034719886314832471, 0.777640871525169031, 1.011695501730103919, 0.094759485567076918
0.279543013090814974, 0.791523968596620886, -1.108514063605955391, 0.000000000000000000, 0.033971412263772781, 0.792186326070623559, 1.017577854671280368, 0.106952466983467998
0.314109780076553935, 0.762103578568816609, -0.686483209060099075, 0.000000000000000000, 0.051532101357644439, 0.648054094665664882, 0.923806228373702409, 0.120714355142342647
0.375945027354117889, 0.710644592083593207, -1.216276893031403183, 0.000000000000000000, 0.050030332617144013, 0.662599549211119410, 0.929688581314878970, 0.136247025883788675
0.218320516858740932, 0.958931975966589301, -0.817337049478672806, 0.000000000000000000, 0.048608658023365788, 0.677145003756573938, 0.935570934256055420, 0.067054524644240471
0.285008531525044906, 0.766666269530522193, -1.013474409051679626, 0.000000000000000000, 0.047261062711224544, 0.691690458302028577, 0.941453287197231869, 0.075682627340021971
0.319521989137975193, 0.743615869441792476, -0.410431727429386717, 0.000000000000000000, 0.045982104958446762, 0.706235912847483105, 0.947335640138408319, 0.085420933359500337
0.296488279541889721, 0.803797282350675379, -0.996084086625531717, 0.000000000000000000, 0.043610816597091408, 0.735326821938392161, 0.959100346020761219, 0.108817949194647434
0.333430215902707050, 0.783544105317245165, -1.194302058107279629, 0.000000000000000000, 0.042509920759196219, 0.749872276483846800, 0.964982698961937779, 0.122819874430521767
0.272106845075946846, 0.789879573662894185, -0.795934902979604009, 0.000000000000000000, 0.034315305624805108, 0.764417731029301328, 0.970865051903114229, 0.138623468524906951
0.307680280481678725, 0.760967117760847578, -1.330513577101767098, 0.000000000000000000, 0.033578183835678684, 0.778963185574755856, 0.976747404844290679, 0.060595800187258630
0.353498657778086312, 0.723967313182116490, -0.901625635929272473, 0.000000000000000000, 0.032871553573456537, 0.793508640120210385, 0.982629757785467128, 0.068392839831079716
0.236994870035884347, 0.903369163084234872, -1.090146250472086242, 0.000000000000000000, 0.049849084770778804, 0.649376408715251707, 0.988512110726643689, 0.077193147473993931
0.288925887615540444, 0.856146169861726647, -0.654718697949538742, 0.000000000000000000, 0.048421731533033613, 0.663921863260706235, 0.994394463667820139, 0.087125816557100014
0.323824113156580162, 0.694458004049061439, -1.434759360930778049, 0.000000000000000000, 0.047069645548244776, 0.678467317806160874, 1.000276816608996588, 0.098336551353846419
0.261631280405230149, 0.811035144067218550, -0.949484677664810595, 0.000000000000000000, 0.045787220428257086, 0.693012772351615403, 1.006159169550173038, 0.110989804334633180
0.300206307650290827, 0.774106246355379946, -1.140099643085478398, 0.000000000000000000, 0.044569380627509043, 0.707558226897069931, 1.012041522491349488, 0.125271188552396912
0.339027569150488761, 0.742769262411499986, -0.732774537293316208, 0.000000000000000000, 0.043411521086985996, 0.722103681442524459, 1.017923875432525938, 0.061652721925576130
0.276666791894948694, 0.841494520510315591, -1.255774393003310507, 0.000000000000000000, 0.042309454829076734, 0.736649135987978987, 0.924152249134948089, 0.069585758794759561
0.311503491284323863, 0.721024603661613916, -0.851105283267649670, 0.000000000000000000, 0.041259367319272329, 0.751194590533433515, 0.930034602076124650, 0.078539562825590659
0.364473667010643543, 0.690612985305124161, -1.042588635503957084, 0.000000000000000000, 0.040257776606437638, 0.765740045078888043, 0.935916955017301100, 0.088645479127827595
0.247493995637481284, 0.855910563043724926, -0.541528383736886831, 0.000000000000000000, 0.039301498413718355, 0.780285499624342571, 0.941799307958477550, 0.100051753372400007
0.328421779421466220, 0.777192536550074919, -0.972866339548676629, 0.000000000000000000, 0.048179309202133133, 0.650698722764838533, 0.953564013840830449, 0.127456188865236131
0.267151340805132698, 0.786816798673670825, -1.166520277182227172, 0.000000000000000000, 0.046825512142835923, 0.665244177310293061, 0.959446366782007010, 0.062728078663637443
0.303926122938500076, 0.759793583962986796, -0.765655254625656756, 0.000000000000000000, 0.045542228215496000, 0.679789631855747589, 0.965328719723183459, 0.070799484843763263
0.345517703180045099, 0.727201043350222731, -1.290884019962105000, 0.000000000000000000, 0.044324251966174504, 0.694335086401202117, 0.971211072664359909, 0.079909462571312248
0.280941508353359737, 0.822781025924740450, -0.876802864615585098, 0.000000000000000000, 0.043166867402266620, 0.708880540946656645, 0.977093425605536359, 0.090191647898670430
0.315435032238728319, 0.799124430944844866, -1.066159301523632363, 0.000000000000000000, 0.042065792656744379, 0.723425995492111173, 0.982975778546712808, 0.101796872221714393
0.385321151316771360, 0.660306216401858603, -0.605138796757006991, 0.000000000000000000, 0.041017131906995540, 0.737971450037565702, 0.988858131487889258, 0.114895374855178908
0.286328480024762633, 0.801922119404196110, -0.925791591519060431, 0.000000000000000000, 0.039063153192038562, 0.767062359128474869, 1.000622837370242157, 0.063822191947686957
0.320928678757651797, 0.773302271673993347, -1.114724717261692088, 0.000000000000000000, 0.038151622329128020, 0.781607813673929397, 1.006505190311418607, 0.072034380898635231
0.257505068160666983, 0.893829898224004715, -0.696319754621723019, 0.000000000000000000, 0.037280019368388997, 0.796153268219383925, 1.012387543252595279, 0.081303256329755713
0.297729407096388565, 0.756039696349579016, -1.223861379702450458, 0.000000000000000000, 0.056343495586177177, 0.652021036814425248, 1.018269896193771729, 0.091764785195053988
0.335219063768443404, 0.729635566598402230, -0.824264219053243097, 0.000000000000000000, 0.045241565200548138, 0.666566491359879776, 0.924498269896193769, 0.103572429715985778
0.273664449011066513, 0.823461139846454526, -1.019278367575758626, 0.000000000000000000, 0.044026305894748582, 0.681111945905334304, 0.930380622837370330, 0.116899398548921798
0.308945192250133671, 0.792016239039701087, -0.446011404340996065, 0.000000000000000000, 0.042872065379016215, 0.695657400450788832, 0.936262975778546780, 0.131941187616944344
0.240956169834587813, 0.809065167907605409, -0.984486832132415390, 0.000000000000000000, 0.040729587451759849, 0.724748309541697999, 0.948027681660899679, 0.073290816210038537
0.290206614495362947, 0.770875597280218927, -1.180217898607093252, 0.000000000000000000, 0.039733775894888544, 0.739293764087152527, 0.953910034602076129, 0.082721360864151924
0.325319044487183628, 0.744214879129451168, -0.781073976364917821, 0.000000000000000000, 0.038783752718481390, 0.753839218632607055, 0.959792387543252579, 0.093365361406358510
0.263548224541446829, 0.843122622033780300, -1.310022350549831627, 0.000000000000000000, 0.037876507570135116, 0.768384673178061584, 0.965674740484429139, 0.105378956770978027
0.301444461027530419, 0.807113941531801604, -0.889309015550269533, 0.000000000000000000, 0.037009283710834721, 0.782930127723516112, 0.971557093425605589, 0.118938376747753746
0.341070938531357393, 0.690748566297489819, -1.078090347832346474, 0.000000000000000000, 0.036179552208678710, 0.797475582268970751, 0.977439446366782039, 0.134242527131247819
0.278119047824519572, 0.791346522759312165, -0.631187891141532065, 0.000000000000000000, 0.054660132122913201, 0.653343350864011962, 0.983321799307958488, 0.066068002478859467
0.312799841343861962, 0.761928793726337039, -1.403980569840133530, 0.000000000000000000, 0.053029517308591609, 0.667888805409466491, 0.989204152249134938, 0.074569166469166059
0.369498616746580577, 0.714988588999521002, -0.937686736766760953, 0.000000000000000000, 0.051486778055358548, 0.682434259954921130, 0.995086505190311499, 0.084164200206983356
0.250293499134516761, 0.891505735120134868, -1.127298294128932898, 0.000000000000000000, 0.041430569645351710, 0.696979714500375658, 1.000968858131487949, 0.094993855126571811
0.293994620164404197, 0.751329961315836292, -0.715073246718439748, 0.000000000000000000, 0.040392136778335704, 0.711525169045830186, 1.006851211072664398, 0.107216993562773477
0.330038500901576048, 0.729766158216715866, -1.239479005534439349, 0.000000000000000000, 0.039402828285649567, 0.726070623591284825, 1.012733564013840848, 0.121012919133800662
0.268855927766548319, 0.825020212075129544, -0.837847069157504176, 0.000000000000000000, 0.038459315537607050, 0.740616078136739353, 1.018615916955017298, 0.136584006981224720
0.305172044026385481, 0.790136052805693212, -1.030910165557344049, 0.000000000000000000, 0.037558559174679096, 0.755161532682193881, 0.924844290657439450, 0.067220371253779998
0.347967698641842127, 0.762219899942464085, -0.500069988274256971, 0.000000000000000000, 0.036697778733320509, 0.769706987227648409, 0.930726643598615899, 0.075869813920077189
0.316777451662727527, 0.748097375332714920, -0.961204977058567001, 0.000000000000000000, 0.035086161467428101, 0.798797896318557465, 0.942491349480968910, 0.096650753297395336
0.405697737432005989, 0.674216132187876682, -1.153161408569912449, 0.000000000000000000, 0.055404624259264762, 0.640240420736288507, 0.948373702422145359, 0.109087089689292982
0.180198255133090984, 1.032970290155941218, -0.749591057336690181, 0.000000000000000000, 0.053723982649143680, 0.654785875281743035, 0.954256055363321809, 0.123123646023362635
0.282921703131439162, 0.855120918350430803, -1.272861870697432840, 0.000000000000000000, 0.052135514220480655, 0.669331329827197563, 0.960138408304498259, 0.138966327301096010
0.317380111276110377, 0.733121560486556523, -0.864078786768380347, 0.000000000000000000, 0.050632143095842630, 0.683876784372652091, 0.966020761245674819, 0.060745672370630444
0.251462872072080013, 0.843112648216430283, -1.054332028262350507, 0.000000000000000000, 0.049207480290490602, 0.698422238918106730, 0.971903114186851269, 0.068561996508618536
0.294550444564216973, 0.794352305812988990, -0.575715715065764355, 0.000000000000000000, 0.039642170081887071, 0.712967693463561258, 0.977785467128027719, 0.077384070038223091
0.330772940647007518, 0.766229890293777083, -1.352675478081242222, 0.000000000000000000, 0.038683267350420061, 0.727513148009015786, 0.983667820069204168, 0.087341305688609344
0.269595560508521070, 0.901585829047536591, -0.913778574895758533, 0.000000000000000000, 0.037768348949096808, 0.742058602554470315, 0.989550173010380618, 0.098579768105025722
0.305727329399237913, 0.691632659745645695, -1.102349576348079063, 0.000000000000000000, 0.036894516534485444, 0.756604057099924843, 0.995432525951557068, 0.111264316499770644
0.349116567240519149, 0.699963884250671020, -0.676297509797663898, 0.000000000000000000, 0.036059117204747089, 0.771149511645379371, 1.001314878892733518, 0.125581023004354142
0.229221827218258511, 0.883922567916526902, -1.208828192144760783, 0.000000000000000000, 0.035259718348727723, 0.785694966190833899, 1.007197231833909967, 0.061805208203787605
0.286910294368974250, 0.805620741065444679, -0.810311084733080556, 0.000000000000000000, 0.053667003089421093, 0.641562734785875222, 1.013079584775086417, 0.069757865930401411
0.321562174559535896, 0.778115282476879777, -1.007675489931876500, 0.000000000000000000, 0.052064367680977483, 0.656108189331329750, 1.018961937716263089, 0.078733815492035578
0.258460244744247503, 0.784925531007245381, -0.363888908231970509, 0.000000000000000000, 0.050548770579169275, 0.670653643876784389, 0.925190311418685130, 0.088864726855588758
0.336037071405807131, 0.732940562983804833, -1.003328300353137248, 0.000000000000000000, 0.047752791573471690, 0.699744552967693445, 0.936955017301038140, 0.113205006686949217
0.274343965774361875, 0.827171028769419947, -1.203325204288735462, 0.000000000000000000, 0.046460987233280203, 0.714290007513147973, 0.942837370242214590, 0.127771427499769330
0.309510183722611298, 0.797685984254531188, -0.804972689439354516, 0.000000000000000000, 0.045233238051685644, 0.728835462058602612, 0.948719723183391039, 0.062883224632153178
0.358238186396327762, 0.675796316176753509, -1.344144306129380073, 0.000000000000000000, 0.036509811281326063, 0.743380916604057140, 0.954602076124567489, 0.070974593899875135
0.242544501564142340, 0.848350099250564149, -0.909238855120502398, 0.000000000000000000, 0.035684338138102817, 0.757926371149511668, 0.960484429065743939, 0.080107103424153836
0.290772542137201440, 0.790996099734200930, -1.097754548801480823, 0.000000000000000000, 0.034894563650133555, 0.772471825694966197, 0.966366782006920388, 0.090414719780726627
0.325994854865205352, 0.761973391117356069, -0.668406262292534969, 0.000000000000000000, 0.034138257523417578, 0.787017280240420725, 0.972249134948096949, 0.102048647418231969
0.301995125390451313, 0.742760124632991126, -0.956817759993442207, 0.000000000000000000, 0.050417656784363080, 0.657430503380916686, 0.984013840830449849, 0.130000037384332939
0.342014348807745672, 0.717631580497419375, -1.148230497984000564, 0.000000000000000000, 0.048974100461675843, 0.671975957926371215, 0.989896193771626298, 0.063980043997254987
0.278755239434424096, 0.810988231596221243, -0.743379499531549581, 0.000000000000000000, 0.047606323049118264, 0.686521412471825743, 0.995778546712802859, 0.072212544235199003
0.313380258945381740, 0.780554404861890538, -1.266352912262938890, 0.000000000000000000, 0.046308717408367901, 0.701066867017280271, 1.001660899653979309, 0.081504344466288625
0.372134546046002768, 0.738769725610946004, -0.859244757123540426, 0.000000000000000000, 0.045076203206288336, 0.715612321562734799, 1.007543252595155758, 0.091991747932922377
0.211789340384593655, 0.893291073897992116, -1.049919462393565484, 0.000000000000000000, 0.043904167518824311, 0.730157776108189327, 1.013425605536332208, 0.103828596416164445
0.284268203983700951, 0.790508404722316760, -0.563554565617274239, 0.000000000000000000, 0.042788413191156435, 0.744703230653643855, 1.019307958477508658, 0.117188526971044080
0.253952732240915191, 0.871138438412799920, -0.980132810374465202, 0.000000000000000000, 0.033737752976800851, 0.773794139744553022, 0.931418685121107259, 0.065095994262953885
0.295797377194742528, 0.839574190260448328, -1.175038709156785321, 0.000000000000000000, 0.033024116270604469, 0.788339594290007550, 0.937301038062283820, 0.073472087100307393
0.332464784327779928, 0.675864077847533440, -0.775361672284208048, 0.000000000000000000, 0.050233072442238146, 0.644207362885048873, 0.943183391003460270, 0.082925956412455329
0.271223031929780367, 0.795023767940236215, -1.302701092616578737, 0.000000000000000000, 0.048783734823306529, 0.658752817430503401, 0.949065743944636719, 0.093596282864974914
0.306980936831999229, 0.764423384899984293, -0.884642883924720125, 0.000000000000000000, 0.047411398458816804, 0.673298271975957929, 0.954948096885813169, 0.105639591572134289
0.351861793665745826, 0.728050727360262107, -1.073602735413467846, 0.000000000000000000, 0.046110285450241956, 0.687843726521412457, 0.960830449826989619, 0.119232548194533869
0.234496817908308369, 0.912179409579030542, -0.621752514184316984, 0.000000000000000000, 0.044875168944569499, 0.702389181066866986, 0.966712802768166068, 0.134574550482376681
0.288209520992996016, 0.745802671932700112, -1.393468309703771668, 0.000000000000000000, 0.043701310035966279, 0.716934635612321514, 0.972595155709342629, 0.066231409113509415
0.323007884249905286, 0.732315446207932319, -0.933238531660193549, 0.000000000000000000, 0.042584403037545029, 0.731480090157776042, 0.978477508650519079, 0.074753599115593927
0.260527252047394908, 0.833058377537693739, -1.122558151919478719, 0.000000000000000000, 0.041520527868217263, 0.746025544703230681, 0.984359861591695529, 0.084372364343900150
0.299518605996519416, 0.792292797579913999, -0.708174367801493121, 0.000000000000000000, 0.040506108508535442, 0.760570999248685209, 0.990242214532871978, 0.095228804354583127
0.337935210416321574, 0.764359110229163696, -1.233548381067764987, 0.000000000000000000, 0.039537876650257937, 0.775116453794139737, 0.996124567474048428, 0.107482174398246519
0.275846616470918182, 0.771715657718384795, -0.832793857774339230, 0.000000000000000000, 0.038612839804639573, 0.789661908339594265, 1.002006920415224878, 0.121312221566489589
0.310788570121218410, 0.750134526890597009, -1.026543734235586536, 0.000000000000000000, 0.048536512310239859, 0.645529676934635588, 1.007889273356401327, 0.136921821537294403
0.362071377646289883, 0.709397236426060784, -0.481732305793333593, 0.000000000000000000, 0.047162487883733381, 0.660075131480090116, 1.013771626297577777, 0.067386628053355768
0.292039335391305666, 0.828048274524532113, -0.991736732520392184, 0.000000000000000000, 0.044625368199779983, 0.689166040570999283, 0.920020354162426224, 0.085844000756204894
0.327543431464128898, 0.714307077042845573, -1.188971869169397566, 0.000000000000000000, 0.043452058216113400, 0.703711495116453811, 0.925902707103602673, 0.096889800547806215
0.266178123950719991, 0.814168477435608828, -0.790422508043530980, 0.000000000000000000, 0.042336226728893235, 0.718256949661908339, 0.931785060044779234, 0.109356895851747932
0.303235664132168015, 0.778163396560047849, -1.322652812152648849, 0.000000000000000000, 0.041273869909639174, 0.732802404207362867, 0.937667412985955684, 0.123428168937445709
0.344227493443899857, 0.745433961459412098, -0.897027423125268286, 0.000000000000000000, 0.040261339994141165, 0.747347858752817396, 0.943549765927132134, 0.139310034073238859
0.280167553731997199, 0.853228500808423829, -1.085609258943587285, 0.000000000000000000, 0.039295307140220934, 0.761893313298271924, 0.949432118868308583, 0.060895915234334519
0.314696783511429989, 0.733758720109320417, -0.646149196884780341, 0.000000000000000000, 0.038372726030873917, 0.776438767843726563, 0.955314471809485033, 0.068731571563017041
0.379582272212151406, 0.684663500426224148, -1.422692928283363800, 0.000000000000000000, 0.037490806554060681, 0.790984222389181091, 0.961196824750661483, 0.077575464813091702
0.222316577727624254, 0.912338802179239350, -0.945070578036282138, 0.000000000000000000, 0.056831816524592627, 0.646851990984222414, 0.967079177691838043, 0.087557327791488462
0.285597105933344864, 0.822265240535487885, -1.135270452890164705, 0.000000000000000000, 0.055098163897469354, 0.661397445529676942, 0.972961530633014493, 0.098823586406566924
0.320144102734910896, 0.810202466636586238, -0.726248347156333796, 0.000000000000000000, 0.044321482620142072, 0.675942900075131470, 0.978843883574190943, 0.111539507618522452
0.256275903648778169, 0.776712945336750282, -1.249577469514415284, 0.000000000000000000, 0.043151476563764425, 0.690488354620585998, 0.984726236515367392, 0.125891623772882100
0.297040238165073467, 0.760513929234660879, -0.846168850642546766, 0.000000000000000000, 0.042039298131357802, 0.705033809166040637, 0.990608589456543953, 0.061958071627797595
0.334216805988016896, 0.733197727000006072, -1.038202594595900141, 0.000000000000000000, 0.040980873080436742, 0.719579263711495165, 0.996490942397720403, 0.069930398740299743
0.272804199086919830, 0.827499846767813518, -0.527027660472923154, 0.000000000000000000, 0.039972494150000475, 0.734124718256949693, 1.002373295338896853, 0.078928548605494253
0.354875752390329147, 0.674089909115718311, -0.968499076926268909, 0.000000000000000000, 0.038092646450518478, 0.763215627347858749, 1.014138001221249752, 0.100547283369208248
0.238829724892563988, 0.852486224100569290, -1.161473361304113272, 0.000000000000000000, 0.037215263849763487, 0.777761081893313277, 0.920366374923671904, 0.113484997733661414
0.289496423416738147, 0.790895257952285213, -0.759712086645654927, 0.000000000000000000, 0.036376042386811108, 0.792306536438767806, 0.926248727864848354, 0.128087445817090778
0.324484298787321379, 0.761829975652149605, -1.284005664120168255, 0.000000000000000000, 0.055121340038124508, 0.648174305033809239, 0.932131080806024914, 0.063038754324705404
0.262493888196084657, 0.868397432946210968, -0.872058491439718031, 0.000000000000000000, 0.053463880650385188, 0.662719759579263767, 0.938013433747201364, 0.071150136054922680
0.300756503126504482, 0.740483256113766863, -1.061713004777821823, 0.000000000000000000, 0.051896430091069201, 0.677265214124718296, 0.943895786688377814, 0.080305233104043666
0.339922870552362366, 0.717921322316865784, -0.594559794758203086, 0.000000000000000000, 0.050412149175992550, 0.691810668670172824, 0.949778139629554263, 0.090638343388643558
0.277315924755799026, 0.811211928532235116, -1.367564329730254657, 0.000000000000000000, 0.040636802462795447, 0.706356123215627352, 0.955660492570730713, 0.102301045332797783
0.312078074953341111, 0.780114190139835184, -0.921301674385212044, 0.000000000000000000, 0.039635169665747566, 0.720901577761081880, 0.961542845511907163, 0.115464421401753170
0.366578013827217886, 0.740278915777647373, -1.110062268825097398, 0.000000000000000000, 0.038680202478644628, 0.735447032306536408, 0.967425198453083723, 0.130321567744209332
0.248769239004675125, 0.820848954236160888, -0.688973705029395034, 0.000000000000000000, 0.037768783803782853, 0.749992486851990936, 0.973307551394260173, 0.064138286463836180
0.293298192290167681, 0.776280352578717081, -1.218159906767005030, 0.000000000000000000, 0.036898063765522904, 0.764537941397445575, 0.979189904335436623, 0.072391148224880089
0.329134440406455564, 0.747496921244061086, -0.819077848468573677, 0.000000000000000000, 0.036065432016135636, 0.779083395942900103, 0.985072257276613072, 0.081705929956070136
0.267916123561570685, 0.845728642734676850, -1.014924841121329191, 0.000000000000000000, 0.035268493383843053, 0.793628850488354631, 0.990954610217789522, 0.092219272019943094
0.304479323632664001, 0.820341180510805845, -0.420112114247912727, 0.000000000000000000, 0.053424307723433116, 0.649496619083395954, 0.996836963158965972, 0.104085396695940163
0.281555561470504756, 0.795618360469567798, -0.997532976868881094, 0.000000000000000000, 0.050345128475043056, 0.678587528174305010, 1.008601669041318871, 0.132594657586984160
0.316029428265234058, 0.765802676075130750, -1.196092421803330419, 0.000000000000000000, 0.048926775385807322, 0.693132982719759538, 1.014484021982495543, 0.065256996820207011
0.391650362685742492, 0.702866396623134326, -0.797757072058246086, 0.000000000000000000, 0.047581296560667528, 0.707678437265214177, 0.920712395684917584, 0.073653806329636473
0.283372614730061423, 0.743179654088780506, -0.903153198979406158, 0.000000000000000000, 0.037396922312831871, 0.736769346356123234, 0.932477101567270594, 0.093827775463886182
0.317834701805139785, 0.735995723892162390, -1.091663122832472466, 0.000000000000000000, 0.036535280683295396, 0.751314800901577762, 0.938359454508447044, 0.105900871003885205
0.252313404547898357, 0.844518098653655125, -0.657513379020780886, 0.000000000000000000, 0.035711496985056712, 0.765860255447032290, 0.944241807449623494, 0.119527447218421234
0.331330646291888520, 0.769129694857475066, -0.950953570212270449, 0.000000000000000000, 0.034168106101668323, 0.794951164537941346, 0.956006513331976393, 0.066395219903381930
0.270143528017914414, 0.774647846084267844, -1.141717412086649563, 0.000000000000000000, 0.051740598220243676, 0.650818933132982669, 0.961888866273152843, 0.074938487921084262
0.306144513106607563, 0.753681673951510755, -0.734921981310543648, 0.000000000000000000, 0.050232905790947337, 0.665364387678437197, 0.967771219214329403, 0.084581043335206191
0.350005564137929825, 0.719847821294353096, -1.257864393354096055, 0.000000000000000000, 0.048805490655680288, 0.679909842223891836, 0.973653572155505853, 0.095464334684810651
0.231115366239731418, 0.903442868360158302, -0.852741776968698240, 0.000000000000000000, 0.047452338491298963, 0.694455296769346364, 0.979535925096682303, 0.107748011108065214
0.287344838178549000, 0.831116301641253941, -1.044052628032286156, 0.000000000000000000, 0.046168006492700080, 0.709000751314800892, 0.985418278037858753, 0.121612264266803299
0.322040862370857328, 0.716885371523455661, -0.546131753669808706, 0.000000000000000000, 0.044947558246824795, 0.723546205860255420, 0.991300630979035202, 0.137260471613399077
0.298693158225205757, 0.782247109308564892, -0.974320771217458637, 0.000000000000000000, 0.042680767420185034, 0.752637114951164587, 1.003065336861388213, 0.076245577136437037
0.336660603277516568, 0.751747712394880918, -1.168213038751505062, 0.000000000000000000, 0.033987213340853070, 0.767182569496619116, 1.008947689802564662, 0.086056319560196964
0.274848777386575704, 0.856395969768035892, -0.767615933463091649, 0.000000000000000000, 0.033262875865677985, 0.781728024042073644, 1.014830042743741112, 0.097129439036112042
0.309935169812549371, 0.736449203984751555, -1.293211028558888254, 0.000000000000000000, 0.032568298919113739, 0.796273478587528172, 0.921058416446163264, 0.109627369328414923
0.359455794805624951, 0.701810219234994648, -0.878377441679302762, 0.000000000000000000, 0.049314920694316013, 0.652141247182569495, 0.926940769387339714, 0.123733445031021072
0.243678851368606508, 0.869406123325814018, -1.067644587413587587, 0.000000000000000000, 0.047913415059750809, 0.666686701728024023, 0.932823122328516163, 0.139654590938692147
0.291195772815845744, 0.811974538387229883, -0.608558139287879718, 0.000000000000000000, 0.046585364777962331, 0.681232156273478662, 0.938705475269692724, 0.060021177360625455
0.326506616640896863, 0.794205120266051279, -1.380162033118159215, 0.000000000000000000, 0.045325327530280270, 0.695777610818933190, 0.944587828210869174, 0.067744278597070814
0.264983144141303639, 0.801584912919725445, -0.927284494846129403, 0.000000000000000000, 0.044128373805858219, 0.710323065364387718, 0.950470181152045623, 0.076461133960497252
0.302408366236240012, 0.768323428551226151, -1.116284989073802691, 0.000000000000000000, 0.042990028860209535, 0.724868519909842246, 0.956352534093222073, 0.086299612714126575
0.342737539022373527, 0.735935070536430702, -0.698728311092868926, 0.000000000000000000, 0.041906222286936322, 0.739413974455296774, 0.962234887034398523, 0.097404037434966159
0.279228872200951161, 0.833266151613889838, -1.225779878213173024, 0.000000000000000000, 0.040873244073534841, 0.753959429000751302, 0.968117239975575083, 0.109937301110034441
0.313817421801824425, 0.828110871046814245, -0.825981327095002271, 0.000000000000000000, 0.039887706198129029, 0.768504883546205830, 0.973999592916751533, 0.124083256645577872
0.374339258261581875, 0.649676443667366432, -1.020730400403212057, 0.000000000000000000, 0.038946508976401395, 0.783050338091660469, 0.979881945857927983, 0.061068076434749638
0.215971334420693439, 0.893777637538421765, -0.453793501474181737, 0.000000000000000000, 0.031483754755824600, 0.797595792637114887, 0.985764298799104433, 0.068925885250908467
0.319212703589120572, 0.766215341255713112, -0.985937401613923847, 0.000000000000000000, 0.046331598571957802, 0.668009015777610848, 0.997529004681457332, 0.087804864503921748
0.254744111345802604, 0.878192995452308112, -1.181956223479660784, 0.000000000000000000, 0.045071432492170493, 0.682554470323065376, 1.003411357622633782, 0.099102974395065158
0.296212055851283573, 0.741552872583762235, -0.782960473299522564, 0.000000000000000000, 0.043875002605081245, 0.697099924868519905, 1.009293710563810231, 0.111854845280357718
0.333041734906638465, 0.723293913233465924, -1.312504162976376287, 0.000000000000000000, 0.042737731178795098, 0.711645379413974433, 1.015176063504986903, 0.126247536858144743
0.271754976292144457, 0.817572342963872600, -0.890858405490891903, 0.000000000000000000, 0.041655459817532027, 0.726190833959428961, 0.921404437207408944, 0.062133235691689249
0.307400273219146758, 0.784018528573664497, -1.079590060334334689, 0.000000000000000000, 0.040624403229911829, 0.740736288504883489, 0.927286790148585394, 0.070128101678933796
0.352833279234185004, 0.751083261781738232, -0.634253206280522286, 0.000000000000000000, 0.039641108912763554, 0.755281743050338128, 0.933169143089761843, 0.079151690562104207
0.288639779901797622, 0.780485163669167092, -0.939166384499003914, 0.000000000000000000, 0.037805453813269038, 0.784372652141247184, 0.944933848972114854, 0.100831544488147143
0.323496449304075229, 0.752240271583416553, -1.128885371487521549, 0.000000000000000000, 0.036947555742392980, 0.798918106686701712, 0.950816201913291303, 0.113805835565948699
0.261193217055293303, 0.854221052378068557, -0.717339614217453070, 0.000000000000000000, 0.058297559454660433, 0.640360631104432754, 0.956698554854467753, 0.128449566795897335
0.299931231054255343, 0.821298845043602510, -1.241476745691759920, 0.000000000000000000, 0.046755502247394137, 0.654906085649887282, 0.962580907795644203, 0.063216973628503551
0.338587172763474664, 0.705564479529320554, -0.839521230601102619, 0.000000000000000000, 0.045466709538422252, 0.669451540195341810, 0.968463260736820652, 0.071351287360158444
0.276339917225909559, 0.801099253672295841, -1.032367053257280842, 0.000000000000000000, 0.044244090659031073, 0.683996994740796449, 0.974345613677997213, 0.080532267138717487
0.311217094506371139, 0.769902940268739844, -0.505786633220614901, 0.000000000000000000, 0.043082816992318300, 0.698542449286250977, 0.980227966619173663, 0.090894590559597130
0.363485172186939931, 0.727448890084330113, -1.475980468228687226, 0.000000000000000000, 0.041978509435193358, 0.713087903831705505, 0.986110319560350113, 0.102590264580105908
0.246835870338294572, 0.916048562201135175, -0.962665494694868507, 0.000000000000000000, 0.040927188028963474, 0.727633358377160033, 0.991992672501526562, 0.115790855339354223
0.292459769336034014, 0.763894223503470471, -1.154814217116866271, 0.000000000000000000, 0.039925228140041978, 0.742178812922614561, 0.997875025442703012, 0.130690004895642004
0.328068817811447699, 0.738261507511200121, -0.751637818254484280, 0.000000000000000000, 0.038969322226684804, 0.756724267468069089, 1.003757378383879573, 0.064319614297528971
0.266764416458344200, 0.834828670240035264, -1.275060229414374913, 0.000000000000000000, 0.038056446385368731, 0.771269722013523729, 1.009639731325056022, 0.072595808043685081
0.303649810547191035, 0.799886916091863243, -0.865682257682670930, 0.000000000000000000, 0.037183830999856553, 0.785815176558978257, 1.015522084266232472, 0.081936923955062371
0.344995998747722521, 0.799811597342610536, -1.055805452222900565, 0.000000000000000000, 0.056548635844639969, 0.641682945154019579, 0.921750457968654624, 0.092479988695458482
0.280632798372773384, 0.726132179716438286, -0.579618345757872300, 0.000000000000000000, 0.054819823349980659, 0.656228399699474108, 0.927632810909831074, 0.104379660552093759
0.315139115637917466, 0.736897604166574016, -1.355583427279108966, 0.000000000000000000, 0.053186158600028670, 0.670773854244928636, 0.933515163851007523, 0.117810498148399487
0.382818381915325745, 0.684093503102258471, -0.915287386764063515, 0.000000000000000000, 0.042750650216339753, 0.685319308790383164, 0.939397516792184084, 0.132969521078746544
0.224872989082696706, 0.910130615555629241, -1.103886550125994681, 0.000000000000000000, 0.041651717846933042, 0.699864763335837692, 0.945279869733360534, 0.065441487403275184
0.286036492303903933, 0.825200070155620025, -0.678878664288919853, 0.000000000000000000, 0.040605928701983741, 0.714410217881292220, 0.951162222674536983, 0.073862035858071301
0.320613898426094557, 0.705247338826000436, -1.210678155028997116, 0.000000000000000000, 0.039609609068964088, 0.728955672426746748, 0.957044575615713433, 0.083366081022571190
0.257018271359408912, 0.820305851732327063, -0.812077202412769372, 0.000000000000000000, 0.038659410502009266, 0.743501126972201387, 0.962926928556889883, 0.094093039601784154
0.297453831853630946, 0.779149142296407082, -1.009124866258984454, 0.000000000000000000, 0.037752275060206078, 0.758046581517655915, 0.968809281498066333, 0.106200267457766839
0.334815538869956408, 0.748877755150979874, -0.376986234906171891, 0.000000000000000000, 0.036885404866669247, 0.772592036063110443, 0.974691634439242893, 0.119865367893666724
0.308663371377592310, 0.728353480194083969, -1.000430618523517667, 0.000000000000000000, 0.054813590718405206, 0.643005259203606294, 0.986456340321595793, 0.066582928401011127
0.355952922348692913, 0.700414574448595229, -1.199694303457215394, 0.000000000000000000, 0.053162605076560669, 0.657550713749060822, 0.992338693262772242, 0.075150349422601098
0.240125835621789824, 0.870560069896707756, -0.801379243916784834, 0.000000000000000000, 0.051601648506888947, 0.672096168294515350, 0.998221046203948692, 0.084820165678583720
0.289922920941245776, 0.808123388142575672, -1.338608069130612144, 0.000000000000000000, 0.050123844612749477, 0.686641622839969989, 1.004103399145125142, 0.095734225602664882
0.324983842304222614, 0.783987592544701739, -0.906200851987078337, 0.000000000000000000, 0.048722981424894923, 0.701187077385424518, 1.009985752086301591, 0.108052629683273810
0.263129564881647238, 0.795976700754197131, -1.094703955095684744, 0.000000000000000000, 0.039243195390608852, 0.715732531930879046, 1.015868105027478041, 0.121956079009069726
0.301169237989335814, 0.764881363836163231, -0.663015355939937767, 0.000000000000000000, 0.038301296057513097, 0.730277986476333574, 0.922096478729900304, 0.137648526008699201
0.340607696812735394, 0.733779882804202810, -1.447573245644990347, 0.000000000000000000, 0.037402322231084043, 0.744823441021788102, 0.927978831671076754, 0.060169628323757940
0.277798874396486317, 0.829185923645571310, -0.953887867567532077, 0.000000000000000000, 0.036543461321411043, 0.759368895567242630, 0.933861184612253203, 0.067911831181786494
0.312510647672807840, 0.806498983308303719, -1.144965413885952632, 0.000000000000000000, 0.035722137702192187, 0.773914350112697158, 0.939743537553429764, 0.076650246028566835
0.368286464434361527, 0.677586086621702943, -0.739176652994840699, 0.000000000000000000, 0.034935988543033439, 0.788459804658151686, 0.945625890494606214, 0.086513058387616124
0.249692550880412756, 0.843606611332356371, -1.262082423918371665, 0.000000000000000000, 0.053092297555016259, 0.644327573253193120, 0.951508243435782664, 0.097644947790378508
0.293716279241225009, 0.793246037306228335, -0.856001724905214423, 0.000000000000000000, 0.051518235553356009, 0.658873027798647648, 0.957390596376959113, 0.110209210108685313
0.329675059273331794, 0.764724503168370040, -1.046983799090110967, 0.000000000000000000, 0.050029161336595206, 0.673418482344102176, 0.963272949318135563, 0.124390152973968438
0.268482095510713670, 0.881890609712578710, -0.555030741674212846, 0.000000000000000000, 0.048618629407980583, 0.687963936889556704, 0.969155302259312013, 0.061219116703568749
0.347407827829075588, 0.702617141842402537, -0.977227859207515204, 0.000000000000000000, 0.046010435963366465, 0.717054845980465760, 0.980920008141665023, 0.077987192005426989
0.282013257599986078, 0.797671668097988396, -1.171614768820854691, 0.000000000000000000, 0.044802704527510152, 0.731600300525920400, 0.986802361082841473, 0.088022033131338204
0.316477552543253438, 0.767794938118589010, -0.771507843252895120, 0.000000000000000000, 0.036153894441860630, 0.746145755071374928, 0.992684714024017922, 0.099348086747824429
0.398582580565547240, 0.699818551606065986, -1.297918794569269618, 0.000000000000000000, 0.035342817277002767, 0.760691209616829456, 0.998567066965194372, 0.112131496959699831
0.206338853972622777, 0.881973480768588725, -0.881516622898400048, 0.000000000000000000, 0.034566585837962703, 0.775236664162283984, 1.004449419906370933, 0.126559786121885343
0.283821423175391385, 0.781390500859479697, -1.070620179410016304, 0.000000000000000000, 0.033823035694231340, 0.789782118707738623, 1.010331772847547382, 0.062286910429283145
0.318291607637966212, 0.753801881095214510, -0.615248356205009839, 0.000000000000000000, 0.051384631205814518, 0.645649887302779835, 1.016214125788723832, 0.070301550196518556
0.295382246360825274, 0.817773744570889694, -0.930264946871164566, 0.000000000000000000, 0.048468592369618084, 0.674740796393689002, 0.928324852432322434, 0.089557327656369923
0.331894510145001875, 0.703820230915167433, -1.119415043546685196, 0.000000000000000000, 0.047124584502441572, 0.689286250939143530, 0.934207205373498883, 0.101080932130170040
0.270685948841283996, 0.803930154306764067, -0.703488086298348358, 0.000000000000000000, 0.045849129539212004, 0.703831705484598058, 0.940089558314675333, 0.114087312648584960
0.306562366282961796, 0.771070746121534811, -1.229644880558530939, 0.000000000000000000, 0.044637289577396294, 0.718377160030052586, 0.945971911255851894, 0.128767262361751234
0.350919972078213349, 0.735167042849591112, -0.829398589531331165, 0.000000000000000000, 0.043484578908853384, 0.732922614575507114, 0.951854264197028344, 0.063373328785702288
0.232866039167482469, 0.927599984071008965, -1.023635957885613124, 0.000000000000000000, 0.042386914278077406, 0.747468069120961642, 0.957736617138204793, 0.071527761194813827
0.287777893525653694, 0.762291906725969803, -0.468338953573492756, 0.000000000000000000, 0.041340571482625564, 0.762013523666416281, 0.963618970079381243, 0.080731448380167617
0.259850161630413079, 0.840749161905122055, -0.988837588491673913, 0.000000000000000000, 0.032717322522481017, 0.791104432757325338, 0.975383675961734253, 0.102844002081678598
0.299105929704889306, 0.799831835238438704, -1.185451368524306437, 0.000000000000000000, 0.049690467876974113, 0.646972201352366660, 0.981266028902910703, 0.116077241990748661
0.337293173333092278, 0.777970287961007312, -0.786707986258171954, 0.000000000000000000, 0.048267586505478417, 0.661517655897821188, 0.987148381844087153, 0.131013241758890786
0.275349614481771865, 0.784631929283746365, -1.317533064043459046, 0.000000000000000000, 0.046919837971463277, 0.676063110443275717, 0.993030734785263602, 0.064478696626644419
0.310361280416601604, 0.757299951194106424, -0.893948519968457256, 0.000000000000000000, 0.045641614801482405, 0.690608564988730245, 0.998913087726440052, 0.072775359963480266
0.360731131647261338, 0.716337834934686279, -1.082595503293578121, 0.000000000000000000, 0.044427841699887803, 0.705154019534184773, 1.004795440667616502, 0.082139579347910788
0.244769632377026897, 0.888374426762868596, -0.640271905722752388, 0.000000000000000000, 0.043273914888999426, 0.719699474079639412, 1.010677793608792951, 0.092708720353117169
0.327022754528777326, 0.688533426083598576, -0.942121283588230107, 0.000000000000000000, 0.041129233546147760, 0.748790383170548468, 0.922788520252391664, 0.118101880002043705
0.265584473574109137, 0.804463785846026735, -1.132070433651076291, 0.000000000000000000, 0.040131188296542504, 0.763335837716002996, 0.928670873193568114, 0.133298395891594756
0.302821864293819021, 0.770389835142439305, -0.721824644647561908, 0.000000000000000000, 0.039178332854445878, 0.777881292261457524, 0.934553226134744564, 0.065603344472080563
0.343474976024840617, 0.737590429524387359, -1.245504731421591460, 0.000000000000000000, 0.038267753598271295, 0.792426746806912052, 0.940435579075921013, 0.074044719551464661
0.279699610439164026, 0.836345041184822002, -0.842854685843325457, 0.000000000000000000, 0.048009685112309082, 0.648294515401953375, 0.946317932017097574, 0.083572271163528014
0.314256241380955648, 0.716725189804741425, -1.035283155114670839, 0.000000000000000000, 0.046661081867115338, 0.662839969947407903, 0.952200284958274024, 0.094325760833975633
0.376796096752946674, 0.678832843120232288, -0.516709926672715536, 0.000000000000000000, 0.045382795579492402, 0.677385424492862542, 0.958082637899450473, 0.106462933614651908
0.285155974713656168, 0.812803309188030676, -0.965583912519391796, 0.000000000000000000, 0.043016863574476441, 0.706476333583771599, 0.969847343781803373, 0.135623408051930960
0.319677069534756941, 0.787114062443446394, -1.158134049621502015, 0.000000000000000000, 0.041920232182513957, 0.721021788129226127, 0.975729696722979822, 0.066747608606964506
0.255518161662466214, 0.803659442930398926, -0.755697073895636895, 0.000000000000000000, 0.040875842641236934, 0.735567242674680655, 0.981612049664156383, 0.075336219514493805
0.296626327790682764, 0.768671264221205131, -1.279501882200125396, 0.000000000000000000, 0.039880149821475037, 0.750112697220135183, 0.987494402605332833, 0.085029952221296640
0.333625642998520988, 0.739705780780527400, -0.868877778843371917, 0.000000000000000000, 0.038929916111175980, 0.764658151765589711, 0.993376755546509282, 0.095971005996192807
0.272281971657940269, 0.835325443871454132, -1.058756380447919199, 0.000000000000000000, 0.038022179253432112, 0.779203606311044350, 0.999259108487685732, 0.108319877305710577
0.307820424513425894, 0.808118417126139521, -0.587217054648424996, 0.000000000000000000, 0.037154224094144733, 0.793749060856498878, 1.005141461428862293, 0.122257714168273357
0.353836970195942402, 0.688470387748816415, -1.361501807858586988, 0.000000000000000000, 0.056235829769841005, 0.649616829451540201, 1.011023814370038743, 0.137988973450057895
0.237466005711003486, 0.862872601808228445, -0.918298635219349624, 0.000000000000000000, 0.054532037401779809, 0.664162283996994729, 1.016906167311215192, 0.060318446452104865
0.289068728378191975, 0.797742239618204674, -1.106968743040230185, 0.000000000000000000, 0.043857363689928187, 0.678707738542449257, 0.923134541013637344, 0.068079798175943493
0.323988545153617857, 0.769211983928617116, -0.683970916698653508, 0.000000000000000000, 0.042708525437841212, 0.693253193087903785, 0.929016893954813794, 0.076839825829358069
0.261848595136810192, 0.885034085408489490, -1.214402361696827581, 0.000000000000000000, 0.041616109470313564, 0.707798647633358424, 0.934899246895990244, 0.086727031978370839
0.300343848794075108, 0.752199435526331062, -0.815590078196638868, 0.000000000000000000, 0.040576162515675931, 0.722344102178812952, 0.940781599837166693, 0.097886453991721578
0.339249550843651659, 0.724933613281486644, -1.012024291880279092, 0.000000000000000000, 0.039585085605518225, 0.736889556724267480, 0.946663952778343254, 0.110481791622513412
0.276829645405060720, 0.818355844528384946, -0.400095460921484181, 0.000000000000000000, 0.038639595781323345, 0.751435011269722009, 0.952546305719519704, 0.124697808352039974
0.364983043813148056, 0.763478134208515846, -0.994635105035778344, 0.000000000000000000, 0.036873628833620525, 0.780525920360631176, 0.964311011601872603, 0.069267257016491210
0.247817792857429553, 0.795528182828461272, -1.192518588015921477, 0.000000000000000000, 0.036047884546822874, 0.795071374906085704, 0.970193364543049053, 0.078180078487737129
0.292879371875741590, 0.766871528789693113, -0.794105174171365058, 0.000000000000000000, 0.054541290976862646, 0.650939143501127027, 0.976075717484225613, 0.088239738884038063
0.328599091867415427, 0.740141108585223639, -1.327868297502045491, 0.000000000000000000, 0.052912643461884658, 0.665484598046581555, 0.981958070425402063, 0.099593805339355398
0.267343654195839442, 0.836711956927485567, -0.900095518023347085, 0.000000000000000000, 0.051371942952803826, 0.680030052592036083, 0.987840423366578513, 0.112408832884337617
0.304064348596158662, 0.803061446965647852, -1.088631679271324870, 0.000000000000000000, 0.049912540127813786, 0.694575507137490611, 0.993722776307754962, 0.126872807674774185
0.345781482429358744, 0.685041165560890564, -0.651893727494048392, 0.000000000000000000, 0.040225494541701205, 0.709120961682945139, 0.999605129248931412, 0.062440965252103728
0.315583306908260308, 0.758208368835895041, -0.948014573064624555, 0.000000000000000000, 0.038303306201993396, 0.738211870773854195, 1.011369835131284312, 0.079543708049550091
0.386709385495791813, 0.698546239235932398, -1.138485937942923742, 0.000000000000000000, 0.037407504729876008, 0.752757325319308834, 1.017252188072460761, 0.089778830667986642
0.227154942562150436, 0.935022942853829475, -0.730613312802625314, 0.000000000000000000, 0.036551456051556928, 0.767302779864763362, 0.923480561774883024, 0.101330936585079301
0.286474200183246652, 0.760350205183328631, -1.253696733409891184, 0.000000000000000000, 0.035732624348460362, 0.781848234410217890, 0.929362914716059474, 0.114369485911233970
0.321086555074417523, 0.739475340796192704, -0.849464346872926934, 0.000000000000000000, 0.034948681806544507, 0.796393688955672419, 0.935245267657235924, 0.129085743687145538
0.257746122096797259, 0.842223757810353302, -1.041125656492011942, 0.000000000000000000, 0.052860017205665077, 0.652261457550713741, 0.941127620598412373, 0.063530070657635690
0.297867153497178405, 0.799343001840844947, -0.536814459675939881, 0.000000000000000000, 0.051305653272561647, 0.666806912096168269, 0.947009973539588934, 0.071704671503924955
0.273835034344657724, 0.783707898225935673, -0.971411269843345360, 0.000000000000000000, 0.048440081527575882, 0.695897821187077326, 0.958774679421941833, 0.091344767539527055
0.309086268498621863, 0.756965324546429508, -1.164832800818770275, 0.000000000000000000, 0.047116982885968772, 0.710443275732531965, 0.964657032363118283, 0.103098367154687690
0.357072270443894779, 0.718324568663627705, -0.763684514487184662, 0.000000000000000000, 0.045860003821086043, 0.724988730277986493, 0.970539385304294733, 0.116364336965040130
0.241361965101609954, 0.892035581677239620, -1.288574382479561020, 0.000000000000000000, 0.037030432962645583, 0.739534184823441021, 0.976421738245471182, 0.131337278087024834
0.290348275863092142, 0.842665959965398503, -0.875224886398697111, 0.000000000000000000, 0.036183810591392140, 0.754079639368895549, 0.982304091186647743, 0.064638172415635423
0.325487313231272890, 0.723426230338023890, -1.064675635567564393, 0.000000000000000000, 0.035374145248969313, 0.768625093914350077, 0.988186444127824193, 0.072955355970789199
0.263756063539012153, 0.822830311995294328, -0.601667373781165193, 0.000000000000000000, 0.034599109063898209, 0.783170548459804605, 0.994068797069000643, 0.082342735970318132
0.301582097380399483, 0.784667463188751024, -1.373780793121000654, 0.000000000000000000, 0.033856563190711328, 0.797716003005259133, 0.999951150010177092, 0.092938017735014769
0.341304637648825238, 0.753845376072735829, -0.924296848218116751, 0.000000000000000000, 0.051191889211287846, 0.653583771600300456, 1.005833502951353653, 0.104896625533883750
0.278278609079110728, 0.880998896986209590, -1.113167542549134970, 0.000000000000000000, 0.049710957746350135, 0.668129226145755095, 1.011715855892530103, 0.118393982533267383
0.312944688516120229, 0.711146647530476961, -0.693891462966634842, 0.000000000000000000, 0.048308416805396430, 0.682674680691209623, 1.017598208833706552, 0.133628084113723955
0.370129425025700676, 0.682873042260280450, -1.221951992847427837, 0.000000000000000000, 0.046978423648654496, 0.697220135236664151, 0.923826582536128704, 0.065765601863552250
0.250589809369936856, 0.848219057978049418, -0.822541334368920629, 0.000000000000000000, 0.045715688132942689, 0.711765589782118679, 0.929708935477305154, 0.074227855078217969
0.294133680815277132, 0.798341630096138788, -1.017826786238272829, 0.000000000000000000, 0.044515410019917753, 0.726311044327573208, 0.935591288418481604, 0.083778971276570705
0.330221154027806441, 0.771513928538155036, -0.437837617407693780, 0.000000000000000000, 0.043373224519256730, 0.740856498873027736, 0.941473641359658053, 0.094559057657859602
0.305310767778181336, 0.755570346361159717, -0.983035899868516694, 0.000000000000000000, 0.034204699578308816, 0.769947407963936903, 0.953238347242011064, 0.120459029507458570
0.348251190984826542, 0.722330425252890040, -1.178485603664426673, 0.000000000000000000, 0.033473026752999742, 0.784492862509391431, 0.959120700183187513, 0.135958846749303613
0.282468610724609437, 0.818024707281427288, -0.779178782425285155, 0.000000000000000000, 0.032771476479074496, 0.799038317054846070, 0.965003053124363963, 0.066912696118076806
0.316927754570391351, 0.792716183747744441, -1.307561575969315548, 0.000000000000000000, 0.051793304147772966, 0.640480841472577000, 0.970885406065540413, 0.075522549320696936
0.411077107526098995, 0.635809635936571249, -0.887756667443095338, 0.000000000000000000, 0.050271597433808345, 0.655026296018031529, 0.976767759006716862, 0.085240257631110899
0.188922892473899956, 0.964888195520904768, -1.076592584317069390, 0.000000000000000000, 0.048831798108682677, 0.669571750563486057, 0.982650111947893423, 0.096208372020976540
0.283072245429608627, 0.804284383826623261, -0.628083579981029372, 0.000000000000000000, 0.047467695732399694, 0.684117205108940696, 0.988532464889069873, 0.108587785914297352
0.317531389275390485, 0.774881058235693643, -1.400421730808544041, 0.000000000000000000, 0.046173677444762813, 0.698662659654395224, 0.994414817830246323, 0.122560095364656924
0.251748809015173380, 0.896794434292557119, -0.936205571626121835, 0.000000000000000000, 0.044944658997677321, 0.713208114199849752, 1.000297170771422772, 0.138330262923392400
0.294689232221818642, 0.756494940745720545, -1.125714771492493549, 0.000000000000000000, 0.043776025001975374, 0.727753568745304280, 1.006179523712599222, 0.060467632653779510
0.330958173303439296, 0.732140332616685208, -0.712790500239414371, 0.000000000000000000, 0.042663576997914593, 0.742299023290758808, 1.012061876653775672, 0.068248180604504716
0.269778845972193482, 0.827048634136032357, -1.237491828837995245, 0.000000000000000000, 0.041603488191482858, 0.756844477836213336, 1.017944229594952121, 0.077029874519718919
0.305866319184722846, 0.793164003576129040, -0.836167842559890961, 0.000000000000000000, 0.040592263888897334, 0.771389932381667864, 0.924172603297374384, 0.086941534792093711
0.349410190630063122, 0.770414239503026455, -1.029454006469360694, 0.000000000000000000, 0.032867461938956233, 0.785935386927122392, 0.930054956238550834, 0.098128557512706993
0.229870574974299136, 0.861835790948329850, -0.494165824566990985, 0.000000000000000000, 0.050071764599473621, 0.641803155522163826, 0.935937309179727284, 0.110755047314857219
0.321721390920889250, 0.760308238445202456, -0.959743539347312269, 0.000000000000000000, 0.047259128098286973, 0.670894064613072882, 0.947702015062080183, 0.061522318873267944
0.258695362351174629, 0.866786636164595281, -1.151513235940065716, 0.000000000000000000, 0.045962323512700264, 0.685439519158527411, 0.953584368003256744, 0.069438576398579685
0.298417902619600495, 0.864077977191706870, -0.747532573706191861, 0.000000000000000000, 0.044731375221499246, 0.699984973703981939, 0.959466720944433193, 0.078373442038064497
0.336243936460987769, 0.666224304862374050, -1.270678067236254982, 0.000000000000000000, 0.043561545735824367, 0.714530428249436467, 0.965349073885609643, 0.088457983090498599
0.274512686768727032, 0.789721670642580476, -0.862471423402612514, 0.000000000000000000, 0.042448531599277639, 0.729075882794890995, 0.971231426826786093, 0.099840131669074461
0.309651724136907835, 0.760754755993623744, -1.052859913741122311, 0.000000000000000000, 0.041388415571958541, 0.743621337340345523, 0.977113779767962543, 0.112686854746621601
0.358638034898389968, 0.720796929033998612, -0.571739932455007094, 0.000000000000000000, 0.040377624924542409, 0.758166791885800162, 0.982996132709138992, 0.127186603426921452
0.290913731501378114, 0.740881743810853366, -0.912267578920444855, 0.000000000000000000, 0.038491237014167429, 0.787257700976709218, 0.994760838591492003, 0.070649735268446562
0.326164965655342254, 0.728326926993095758, -1.100815284336760236, 0.000000000000000000, 0.058458329628490770, 0.643125469571750541, 1.000643191532668563, 0.079740444278167177
0.264577824266545802, 0.826269343173878124, -0.673692167663152430, 0.000000000000000000, 0.046252714922951021, 0.657670924117205069, 1.006525544473845013, 0.090000881525161530
0.302132846502821573, 0.788470728878382765, -1.206986136359733397, 0.000000000000000000, 0.044987703073318799, 0.672216378662659597, 1.012407897415021463, 0.101581559378444236
0.342253877903202663, 0.758946141980769706, -0.808538368288800657, 0.000000000000000000, 0.043787230602782654, 0.686761833208114236, 1.018290250356197912, 0.114652357075764433
0.278913444925582454, 0.766532132338937244, -1.006226292737430583, 0.000000000000000000, 0.042646614334918467, 0.701307287753568764, 0.924518624058620064, 0.129405012715506862
0.313525799816753326, 0.746440520252928952, -0.349453534651457565, 0.000000000000000000, 0.041561604869189736, 0.715852742299023292, 0.930400976999796514, 0.063687200200769040
0.213290614504207915, 0.942338640596324661, -1.004052758769904408, 0.000000000000000000, 0.039543293614822388, 0.744943651389932349, 0.942165682882149413, 0.081131289992230571
0.284416693091739670, 0.838290651401998654, -1.204237581413147407, 0.000000000000000000, 0.038603256898612007, 0.759489105935386988, 0.948048035823325863, 0.091570691443633126
0.318904562458488861, 0.723252901344149879, -0.805866675636297214, 0.000000000000000000, 0.037705288167336946, 0.774034560480841516, 0.953930388764502424, 0.103353361351311693
0.295935651403841260, 0.787338249890778941, -0.909996891693934939, 0.000000000000000000, 0.055949386019041834, 0.644447783621337367, 0.965695094646855323, 0.131662115857368339
0.332656345804160480, 0.757875086204177206, -1.098518766856397155, 0.000000000000000000, 0.054250737961063583, 0.658993238166791895, 0.971577447588031773, 0.064798042637650086
0.271400908132584495, 0.865785999295921926, -0.669737356278719664, 0.000000000000000000, 0.052645052531226658, 0.673538692712246423, 0.977459800529208223, 0.073135797163977820
0.352182207142570425, 0.710446006590367052, -0.957549579094701064, 0.000000000000000000, 0.041227757927019992, 0.702629601803155590, 0.989224506411561233, 0.093167882240362473
0.235016956186851811, 0.886930939170075594, -1.149049504713145486, 0.000000000000000000, 0.040200525994870104, 0.717175056348610118, 0.995106859352737683, 0.105156067380488855
0.288353089796928419, 0.817844014419209731, -0.744422356529779394, 0.000000000000000000, 0.039221578808775269, 0.731720510894064646, 1.000989212293914132, 0.118686807524529273
0.323170354594939258, 0.804423120041850903, -1.267428986913685662, 0.000000000000000000, 0.038287666158520368, 0.746265965439519174, 1.006871565235090582, 0.133958587756947106
0.260750449156348263, 0.766298204378219716, -0.860052936878530461, 0.000000000000000000, 0.037395818407720535, 0.760811419984973702, 1.012753918176267032, 0.065928260567812133
0.299656151205924870, 0.756696369586865814, -1.050654114726091937, 0.000000000000000000, 0.036543317229414042, 0.775356874530428231, 1.018636271117443481, 0.074411443555855036
0.338151404863189786, 0.728572071759086226, -0.565631326298258852, 0.000000000000000000, 0.035727669894553706, 0.789902329075882759, 0.924864644819865744, 0.083986182623018185
0.310931271621808003, 0.792517316516896497, -0.980858746560106520, 0.000000000000000000, 0.052608726302440338, 0.660315552216378610, 0.936629350702218644, 0.106990216499519564
0.362533994288996464, 0.665783576498890861, -1.175898251184567478, 0.000000000000000000, 0.051074763503981414, 0.674861006761833249, 0.942511703643395093, 0.120756961999534632
0.246163029804057520, 0.839198994530017672, -0.776319340416844028, 0.000000000000000000, 0.049622055110925385, 0.689406461307287777, 0.948394056584571543, 0.136295115090476787
0.292179575486574084, 0.786887481298467972, -1.303908735248007433, 0.000000000000000000, 0.048244561124126804, 0.703951915852742305, 0.954276409525748104, 0.067078191941739806
0.327718028342059708, 0.757687328408699678, -0.885422482516274978, 0.000000000000000000, 0.038849176013590156, 0.718497370398196833, 0.960158762466924554, 0.075709339978226334
0.266374357001478990, 0.861372740427027717, -1.074349500967914262, 0.000000000000000000, 0.037923976053432229, 0.733042824943651361, 0.966041115408101003, 0.085451083191345631
0.303373672209317213, 0.736446575067280618, -0.623351031833955904, 0.000000000000000000, 0.037040667098956412, 0.747588279489105889, 0.971923468349277453, 0.096446325125463528
0.344481838337533708, 0.712766523890548398, -1.395186804814018799, 0.000000000000000000, 0.036196519933476036, 0.762133734034560417, 0.977805821290453903, 0.108856357143857732
0.280322930465243036, 0.806475866574068556, -0.933980892739529001, 0.000000000000000000, 0.035389034099656741, 0.776679188580014945, 0.983688174231630352, 0.122863224443401572
0.314844025286343809, 0.776277565031809558, -1.123346022017000401, 0.000000000000000000, 0.034615914679041071, 0.791224643125469473, 0.989570527172806802, 0.138672396511308693
0.380603189198432057, 0.725799259845673284, -0.709334851587127391, 0.000000000000000000, 0.052525433742704422, 0.647092411720510907, 0.995452880113983363, 0.060617187839141190
0.223203903247053081, 0.865822038796553506, -1.234530439790013867, 0.000000000000000000, 0.050979394698189233, 0.661637866265965435, 1.001335233055159701, 0.068416979494968083
0.285743758619044330, 0.786070818309925978, -0.833639322069520294, 0.000000000000000000, 0.049516342966109787, 0.676183320811419963, 1.007217585996336151, 0.077220393259358436
0.320300389560835952, 0.757384160440652487, -1.027271057449089309, 0.000000000000000000, 0.048130017100134828, 0.690728775356874491, 1.013099938937512823, 0.087156568137716967
0.256525023975159361, 0.863825061542355943, -0.484924273452992716, 0.000000000000000000, 0.046814754504686945, 0.705274229902329020, 1.018982291878689272, 0.098371259830691157
0.334415526425890786, 0.712152684515672263, -0.992461387392018279, 0.000000000000000000, 0.044377360184543427, 0.734365138993238187, 0.931093018522287874, 0.125315403771329520
0.272977245471222596, 0.807625313139384238, -1.189856056494417835, 0.000000000000000000, 0.035802228595115559, 0.748910593538692715, 0.936975371463464324, 0.061674482624338778
0.308381979899583769, 0.774877191868092230, -0.791346117767213086, 0.000000000000000000, 0.035005298690445809, 0.763456048084147243, 0.942857724404640773, 0.069610319506566098
0.355230367622973053, 0.737574818855455838, -1.323947508709949927, 0.000000000000000000, 0.034242380585937933, 0.778001502629601882, 0.948740077345817223, 0.078567283836346077
0.239268868352738473, 0.938895989243898055, -0.897795444574906676, 0.000000000000000000, 0.033511373935907689, 0.792546957175056299, 0.954622430286993673, 0.088676767082482705
0.289638719583398374, 0.732565867361704592, -1.086364037820759298, 0.000000000000000000, 0.050833685633572150, 0.648414725770097622, 0.960504783228170234, 0.100087067240106325
0.324650385518228113, 0.727767231991398478, -0.647597455609521200, 0.000000000000000000, 0.049362630747048518, 0.662960180315552261, 0.966387136169346683, 0.112965564243088151
0.300894070295110672, 0.788180097974991445, -0.945807061773970670, 0.000000000000000000, 0.046649009322377505, 0.692051089406461317, 0.978151842051699583, 0.062750218916024170
0.340149838369586899, 0.758569194636485755, -1.136072854046882963, 0.000000000000000000, 0.045395302831551930, 0.706596543951915845, 0.984034194992876032, 0.070824473947473848
0.277477272182962753, 0.763158178270052834, -0.727344997356807355, 0.000000000000000000, 0.044203768994633241, 0.721141998497370373, 0.989916547934052593, 0.079937667096416559
0.312222106474346228, 0.745879071030433605, -1.250602852347561189, 0.000000000000000000, 0.043070045796687106, 0.735687453042824901, 0.995798900875229043, 0.090223481582886331
0.367133960832517425, 0.702527677512514770, -0.846994451021409911, 0.000000000000000000, 0.041990160785345856, 0.750232907588279541, 1.001681253816405492, 0.101832802039607442
0.249080027921786601, 0.869819554694610697, -1.038933009291875598, 0.000000000000000000, 0.040960489241149499, 0.764778362133734069, 1.007563606757581942, 0.114935927868303991
0.293437633717038182, 0.821772621307073070, -0.529521536474280463, 0.000000000000000000, 0.033103299019764880, 0.779323816679188597, 1.013445959698758392, 0.129725071395068753
0.268105489854998047, 0.808669170414935468, -0.969227392764924756, 0.000000000000000000, 0.049155260268474832, 0.649737039819684448, 0.925556686342357104, 0.072059805866330595
0.304617753639174704, 0.774244450144233931, -1.162311308387538045, 0.000000000000000000, 0.047758323233004746, 0.664282494365138976, 0.931439039283533554, 0.081331952802744356
0.346857093741878897, 0.740227779939540698, -0.760709123021313216, 0.000000000000000000, 0.046434696583170065, 0.678827948910593504, 0.937321392224710004, 0.091797174127533868
0.281708392362033766, 0.845027095613278822, -1.285141642339856283, 0.000000000000000000, 0.045178938243831804, 0.693373403456048143, 0.943203745165886454, 0.103608986227568284
0.316178576824608593, 0.728525792496288904, -0.872851413571001378, 0.000000000000000000, 0.043986120093408625, 0.707918858001502671, 0.949086098107062903, 0.116940658894254632
0.393661146027377007, 0.670285920477436625, -1.062453087155151410, 0.000000000000000000, 0.042851769648721033, 0.722464312546957199, 0.954968451048239353, 0.131987757052136251
0.201417419434452238, 0.955832336799722349, -0.596357980304406565, 0.000000000000000000, 0.041771819418730212, 0.737009767092411727, 0.960850803989415914, 0.064958308268243517
0.283522447456746485, 0.822427818350749851, -1.369103609089068918, 0.000000000000000000, 0.040742562786776661, 0.751555221637866255, 0.966733156930592363, 0.073316684644128757
0.317986742400013844, 0.803520106217666341, -0.922051191913033752, 0.000000000000000000, 0.039760615469255113, 0.766100676183320783, 0.972615509871768813, 0.082750557865659408
0.252592172170924334, 0.820422173145270661, -1.110837469461727123, 0.000000000000000000, 0.038822881752922714, 0.780646130728775312, 0.978497862812945263, 0.093398315271832316
0.295105218657835733, 0.777392519403364513, -0.690210950041052040, 0.000000000000000000, 0.037926524839908549, 0.795191585274229840, 0.984380215754121712, 0.105416150907142583
0.331517904489286308, 0.747933322443517290, -1.219104641895163432, 0.000000000000000000, 0.047490037330950780, 0.651059353869271162, 0.990262568695298162, 0.118980356762696970
0.270324940726668128, 0.846359076623872109, -0.819945965198555116, 0.000000000000000000, 0.046166362110641859, 0.665604808414725801, 0.996144921636474723, 0.134289908838053335
0.306283720758774969, 0.834487318353025809, -1.015650185883457679, 0.000000000000000000, 0.044911267993819143, 0.680150262960180330, 1.002027274577651061, 0.066091321577431097
0.350307449119587222, 0.669769659201790324, -0.424734318183061399, 0.000000000000000000, 0.043719711274048119, 0.694695717505634858, 1.007909627518827511, 0.074595486104663683
0.287489352327192083, 0.791416945736045596, -0.998257398299878695, 0.000000000000000000, 0.041509346280845134, 0.723786626596543914, 1.019674333401180633, 0.095027383778692104
0.322201125603513661, 0.762284797844932083, -1.196990225461061375, 0.000000000000000000, 0.040482608640438414, 0.738332081141998442, 0.920040708324852519, 0.107254836445071070
0.259392303187264528, 0.869670449008197455, -0.798665362080696828, 0.000000000000000000, 0.039503462891505275, 0.752877535687452970, 0.925923061266028968, 0.121055631370947922
